-2,28108
-2,28098
-2,28088
-2,28078
-2,28068
-2,28058
-2,28048
-2,28038
-2,28028
-2,28018
-2,28008
-2,27998
-2,27988
-2,27978
-2,27968
-2,27958
-2,27948
-2,27938
-2,27928
-2,27918
-2,27908
-2,27898
-2,27888
-2,27878
-2,27868
-2,27858
-2,27848
-2,27838
-2,27828
-2,27818
-2,27808
-2,27798
-2,27788
-2,27778
-2,27768
-2,27758
-2,27748
-2,27738
-2,27728
-2,27718
-2,27708
-2,27698
-2,27688
-2,27678
-2,27668
-2,27658
-2,27648
-2,27638
-2,27628
-2,27618
-2,27608
-2,27598
-2,27588
-2,27578
-2,27568
-2,27558
-2,27548
-2,27538
-2,27528
-2,27517
-2,27507
-2,27497
-2,27487
-2,27477
-2,27467
-2,27457
-2,27447
-2,27437
-2,27427
-2,27417
-2,27407
-2,27397
-2,27387
-2,27377
-2,27367
-2,27357
-2,27347
-2,27337
-2,27327
-2,27317
-2,27307
-2,27297
-2,27287
-2,27277
-2,27267
-2,27257
-2,27247
-2,27237
-2,27227
-2,27217
-2,27207
-2,27197
-2,27187
-2,27177
-2,27167
-2,27157
-2,27147
-2,27137
-2,27127
-2,27117
-2,27107
-2,27097
-2,27087
-2,27077
-2,27067
-2,27057
-2,27047
-2,27037
-2,27027
-2,27017
-2,27007
-2,26997
-2,26987
-2,26977
-2,26967
-2,26956
-2,26946
-2,26936
-2,26926
-2,26916
-2,26906
-2,26896
-2,26886
-2,26876
-2,26866
-2,26856
-2,26846
-2,26836
-2,26826
-2,26816
-2,26806
-2,26796
-2,26786
-2,26776
-2,26766
-2,26756
-2,26746
-2,26736
-2,26726
-2,26716
-2,26706
-2,26696
-2,26686
-2,26676
-2,26666
-2,26656
-2,26646
-2,26636
-2,26626
-2,26616
-2,26606
-2,26595
-2,26585
-2,26575
-2,26565
-2,26555
-2,26545
-2,26535
-2,26525
-2,26515
-2,26505
-2,26495
-2,26485
-2,26475
-2,26465
-2,26455
-2,26445
-2,26435
-2,26425
-2,26415
-2,26405
-2,26395
-2,26385
-2,26375
-2,26365
-2,26355
-2,26345
-2,26335
-2,26325
-2,26315
-2,26304
-2,26294
-2,26284
-2,26274
-2,26264
-2,26254
-2,26244
-2,26234
-2,26224
-2,26214
-2,26204
-2,26194
-2,26184
-2,26174
-2,26164
-2,26154
-2,26144
-2,26134
-2,26124
-2,26114
-2,26104
-2,26094
-2,26084
-2,26074
-2,26064
-2,26053
-2,26043
-2,26033
-2,26023
-2,26013
-2,26003
-2,25993
-2,25983
-2,25973
-2,25963
-2,25953
-2,25943
-2,25933
-2,25923
-2,25913
-2,25903
-2,25893
-2,25883
-2,25873
-2,25863
-2,25853
-2,25843
-2,25832
-2,25822
-2,25812
-2,25802
-2,25792
-2,25782
-2,25772
-2,25762
-2,25752
-2,25742
-2,25732
-2,25722
-2,25712
-2,25702
-2,25692
-2,25682
-2,25672
-2,25662
-2,25652
-2,25642
-2,25631
-2,25621
-2,25611
-2,25601
-2,25591
-2,25581
-2,25571
-2,25561
-2,25551
-2,25541
-2,25531
-2,25521
-2,25511
-2,25501
-2,25491
-2,25481
-2,25471
-2,25461
-2,25451
-2,2544
-2,2543
-2,2542
-2,2541
-2,254
-2,2539
-2,2538
-2,2537
-2,2536
-2,2535
-2,2534
-2,2533
-2,2532
-2,2531
-2,253
-2,2529
-2,2528
-2,25269
-2,25259
-2,25249
-2,25239
-2,25229
-2,25219
-2,25209
-2,25199
-2,25189
-2,25179
-2,25169
-2,25159
-2,25149
-2,25139
-2,25129
-2,25119
-2,25109
-2,25098
-2,25088
-2,25078
-2,25068
-2,25058
-2,25048
-2,25038
-2,25028
-2,25018
-2,25008
-2,24998
-2,24988
-2,24978
-2,24968
-2,24958
-2,24947
-2,24937
-2,24927
-2,24917
-2,24907
-2,24897
-2,24887
-2,24877
-2,24867
-2,24857
-2,24847
-2,24837
-2,24827
-2,24817
-2,24807
-2,24796
-2,24786
-2,24776
-2,24766
-2,24756
-2,24746
-2,24736
-2,24726
-2,24716
-2,24706
-2,24696
-2,24686
-2,24676
-2,24666
-2,24656
-2,24645
-2,24635
-2,24625
-2,24615
-2,24605
-2,24595
-2,24585
-2,24575
-2,24565
-2,24555
-2,24545
-2,24535
-2,24525
-2,24514
-2,24504
-2,24494
-2,24484
-2,24474
-2,24464
-2,24454
-2,24444
-2,24434
-2,24424
-2,24414
-2,24404
-2,24394
-2,24383
-2,24373
-2,24363
-2,24353
-2,24343
-2,24333
-2,24323
-2,24313
-2,24303
-2,24293
-2,24283
-2,24273
-2,24263
-2,24252
-2,24242
-2,24232
-2,24222
-2,24212
-2,24202
-2,24192
-2,24182
-2,24172
-2,24162
-2,24152
-2,24142
-2,24131
-2,24121
-2,24111
-2,24101
-2,24091
-2,24081
-2,24071
-2,24061
-2,24051
-2,24041
-2,24031
-2,24021
-2,2401
-2,24
-2,2399
-2,2398
-2,2397
-2,2396
-2,2395
-2,2394
-2,2393
-2,2392
-2,2391
-2,239
-2,23889
-2,23879
-2,23869
-2,23859
-2,23849
-2,23839
-2,23829
-2,23819
-2,23809
-2,23799
-2,23789
-2,23778
-2,23768
-2,23758
-2,23748
-2,23738
-2,23728
-2,23718
-2,23708
-2,23698
-2,23688
-2,23678
-2,23667
-2,23657
-2,23647
-2,23637
-2,23627
-2,23617
-2,23607
-2,23597
-2,23587
-2,23577
-2,23567
-2,23556
-2,23546
-2,23536
-2,23526
-2,23516
-2,23506
-2,23496
-2,23486
-2,23476
-2,23466
-2,23455
-2,23445
-2,23435
-2,23425
-2,23415
-2,23405
-2,23395
-2,23385
-2,23375
-2,23365
-2,23354
-2,23344
-2,23334
-2,23324
-2,23314
-2,23304
-2,23294
-2,23284
-2,23274
-2,23264
-2,23253
-2,23243
-2,23233
-2,23223
-2,23213
-2,23203
-2,23193
-2,23183
-2,23173
-2,23163
-2,23152
-2,23142
-2,23132
-2,23122
-2,23112
-2,23102
-2,23092
-2,23082
-2,23072
-2,23062
-2,23051
-2,23041
-2,23031
-2,23021
-2,23011
-2,23001
-2,22991
-2,22981
-2,22971
-2,2296
-2,2295
-2,2294
-2,2293
-2,2292
-2,2291
-2,229
-2,2289
-2,2288
-2,2287
-2,22859
-2,22849
-2,22839
-2,22829
-2,22819
-2,22809
-2,22799
-2,22789
-2,22779
-2,22768
-2,22758
-2,22748
-2,22738
-2,22728
-2,22718
-2,22708
-2,22698
-2,22688
-2,22677
-2,22667
-2,22657
-2,22647
-2,22637
-2,22627
-2,22617
-2,22607
-2,22596
-2,22586
-2,22576
-2,22566
-2,22556
-2,22546
-2,22536
-2,22526
-2,22516
-2,22505
-2,22495
-2,22485
-2,22475
-2,22465
-2,22455
-2,22445
-2,22435
-2,22425
-2,22414
-2,22404
-2,22394
-2,22384
-2,22374
-2,22364
-2,22354
-2,22344
-2,22333
-2,22323
-2,22313
-2,22303
-2,22293
-2,22283
-2,22273
-2,22263
-2,22252
-2,22242
-2,22232
-2,22222
-2,22212
-2,22202
-2,22192
-2,22182
-2,22172
-2,22161
-2,22151
-2,22141
-2,22131
-2,22121
-2,22111
-2,22101
-2,22091
-2,2208
-2,2207
-2,2206
-2,2205
-2,2204
-2,2203
-2,2202
-2,2201
-2,21999
-2,21989
-2,21979
-2,21969
-2,21959
-2,21949
-2,21939
-2,21928
-2,21918
-2,21908
-2,21898
-2,21888
-2,21878
-2,21868
-2,21858
-2,21847
-2,21837
-2,21827
-2,21817
-2,21807
-2,21797
-2,21787
-2,21777
-2,21766
-2,21756
-2,21746
-2,21736
-2,21726
-2,21716
-2,21706
-2,21695
-2,21685
-2,21675
-2,21665
-2,21655
-2,21645
-2,21635
-2,21625
-2,21614
-2,21604
-2,21594
-2,21584
-2,21574
-2,21564
-2,21554
-2,21543
-2,21533
-2,21523
-2,21513
-2,21503
-2,21493
-2,21483
-2,21473
-2,21462
-2,21452
-2,21442
-2,21432
-2,21422
-2,21412
-2,21402
-2,21391
-2,21381
-2,21371
-2,21361
-2,21351
-2,21341
-2,21331
-2,2132
-2,2131
-2,213
-2,2129
-2,2128
-2,2127
-2,2126
-2,21249
-2,21239
-2,21229
-2,21219
-2,21209
-2,21199
-2,21189
-2,21178
-2,21168
-2,21158
-2,21148
-2,21138
-2,21128
-2,21118
-2,21107
-2,21097
-2,21087
-2,21077
-2,21067
-2,21057
-2,21047
-2,21036
-2,21026
-2,21016
-2,21006
-2,20996
-2,20986
-2,20976
-2,20965
-2,20955
-2,20945
-2,20935
-2,20925
-2,20915
-2,20904
-2,20894
-2,20884
-2,20874
-2,20864
-2,20854
-2,20844
-2,20833
-2,20823
-2,20813
-2,20803
-2,20793
-2,20783
-2,20773
-2,20762
-2,20752
-2,20742
-2,20732
-2,20722
-2,20712
-2,20701
-2,20691
-2,20681
-2,20671
-2,20661
-2,20651
-2,20641
-2,2063
-2,2062
-2,2061
-2,206
-2,2059
-2,2058
-2,20569
-2,20559
-2,20549
-2,20539
-2,20529
-2,20519
-2,20508
-2,20498
-2,20488
-2,20478
-2,20468
-2,20458
-2,20448
-2,20437
-2,20427
-2,20417
-2,20407
-2,20397
-2,20387
-2,20376
-2,20366
-2,20356
-2,20346
-2,20336
-2,20326
-2,20315
-2,20305
-2,20295
-2,20285
-2,20275
-2,20265
-2,20254
-2,20244
-2,20234
-2,20224
-2,20214
-2,20204
-2,20194
-2,20183
-2,20173
-2,20163
-2,20153
-2,20143
-2,20133
-2,20122
-2,20112
-2,20102
-2,20092
-2,20082
-2,20072
-2,20061
-2,20051
-2,20041
-2,20031
-2,20021
-2,20011
-2,2
-2,1999
-2,1998
-2,1997
-2,1996
-2,1995
-2,19939
-2,19929
-2,19919
-2,19909
-2,19899
-2,19889
-2,19878
-2,19868
-2,19858
-2,19848
-2,19838
-2,19827
-2,19817
-2,19807
-2,19797
-2,19787
-2,19777
-2,19766
-2,19756
-2,19746
-2,19736
-2,19726
-2,19716
-2,19705
-2,19695
-2,19685
-2,19675
-2,19665
-2,19655
-2,19644
-2,19634
-2,19624
-2,19614
-2,19604
-2,19593
-2,19583
-2,19573
-2,19563
-2,19553
-2,19543
-2,19532
-2,19522
-2,19512
-2,19502
-2,19492
-2,19482
-2,19471
-2,19461
-2,19451
-2,19441
-2,19431
-2,1942
-2,1941
-2,194
-2,1939
-2,1938
-2,1937
-2,19359
-2,19349
-2,19339
-2,19329
-2,19319
-2,19308
-2,19298
-2,19288
-2,19278
-2,19268
-2,19258
-2,19247
-2,19237
-2,19227
-2,19217
-2,19207
-2,19196
-2,19186
-2,19176
-2,19166
-2,19156
-2,19146
-2,19135
-2,19125
-2,19115
-2,19105
-2,19095
-2,19084
-2,19074
-2,19064
-2,19054
-2,19044
-2,19033
-2,19023
-2,19013
-2,19003
-2,18993
-2,18983
-2,18972
-2,18962
-2,18952
-2,18942
-2,18932
-2,18921
-2,18911
-2,18901
-2,18891
-2,18881
-2,1887
-2,1886
-2,1885
-2,1884
-2,1883
-2,18819
-2,18809
-2,18799
-2,18789
-2,18779
-2,18769
-2,18758
-2,18748
-2,18738
-2,18728
-2,18718
-2,18707
-2,18697
-2,18687
-2,18677
-2,18667
-2,18656
-2,18646
-2,18636
-2,18626
-2,18616
-2,18605
-2,18595
-2,18585
-2,18575
-2,18565
-2,18554
-2,18544
-2,18534
-2,18524
-2,18514
-2,18503
-2,18493
-2,18483
-2,18473
-2,18463
-2,18452
-2,18442
-2,18432
-2,18422
-2,18412
-2,18401
-2,18391
-2,18381
-2,18371
-2,18361
-2,1835
-2,1834
-2,1833
-2,1832
-2,1831
-2,18299
-2,18289
-2,18279
-2,18269
-2,18259
-2,18248
-2,18238
-2,18228
-2,18218
-2,18208
-2,18197
-2,18187
-2,18177
-2,18167
-2,18157
-2,18146
-2,18136
-2,18126
-2,18116
-2,18106
-2,18095
-2,18085
-2,18075
-2,18065
-2,18055
-2,18044
-2,18034
-2,18024
-2,18014
-2,18003
-2,17993
-2,17983
-2,17973
-2,17963
-2,17952
-2,17942
-2,17932
-2,17922
-2,17912
-2,17901
-2,17891
-2,17881
-2,17871
-2,17861
-2,1785
-2,1784
-2,1783
-2,1782
-2,17809
-2,17799
-2,17789
-2,17779
-2,17769
-2,17758
-2,17748
-2,17738
-2,17728
-2,17718
-2,17707
-2,17697
-2,17687
-2,17677
-2,17666
-2,17656
-2,17646
-2,17636
-2,17626
-2,17615
-2,17605
-2,17595
-2,17585
-2,17575
-2,17564
-2,17554
-2,17544
-2,17534
-2,17523
-2,17513
-2,17503
-2,17493
-2,17483
-2,17472
-2,17462
-2,17452
-2,17442
-2,17431
-2,17421
-2,17411
-2,17401
-2,17391
-2,1738
-2,1737
-2,1736
-2,1735
-2,17339
-2,17329
-2,17319
-2,17309
-2,17299
-2,17288
-2,17278
-2,17268
-2,17258
-2,17247
-2,17237
-2,17227
-2,17217
-2,17207
-2,17196
-2,17186
-2,17176
-2,17166
-2,17155
-2,17145
-2,17135
-2,17125
-2,17115
-2,17104
-2,17094
-2,17084
-2,17074
-2,17063
-2,17053
-2,17043
-2,17033
-2,17022
-2,17012
-2,17002
-2,16992
-2,16982
-2,16971
-2,16961
-2,16951
-2,16941
-2,1693
-2,1692
-2,1691
-2,169
-2,16889
-2,16879
-2,16869
-2,16859
-2,16849
-2,16838
-2,16828
-2,16818
-2,16808
-2,16797
-2,16787
-2,16777
-2,16767
-2,16756
-2,16746
-2,16736
-2,16726
-2,16716
-2,16705
-2,16695
-2,16685
-2,16675
-2,16664
-2,16654
-2,16644
-2,16634
-2,16623
-2,16613
-2,16603
-2,16593
-2,16582
-2,16572
-2,16562
-2,16552
-2,16542
-2,16531
-2,16521
-2,16511
-2,16501
-2,1649
-2,1648
-2,1647
-2,1646
-2,16449
-2,16439
-2,16429
-2,16419
-2,16408
-2,16398
-2,16388
-2,16378
-2,16367
-2,16357
-2,16347
-2,16337
-2,16326
-2,16316
-2,16306
-2,16296
-2,16285
-2,16275
-2,16265
-2,16255
-2,16245
-2,16234
-2,16224
-2,16214
-2,16204
-2,16193
-2,16183
-2,16173
-2,16163
-2,16152
-2,16142
-2,16132
-2,16122
-2,16111
-2,16101
-2,16091
-2,16081
-2,1607
-2,1606
-2,1605
-2,1604
-2,16029
-2,16019
-2,16009
-2,15999
-2,15988
-2,15978
-2,15968
-2,15958
-2,15947
-2,15937
-2,15927
-2,15917
-2,15906
-2,15896
-2,15886
-2,15876
-2,15865
-2,15855
-2,15845
-2,15835
-2,15824
-2,15814
-2,15804
-2,15794
-2,15783
-2,15773
-2,15763
-2,15753
-2,15742
-2,15732
-2,15722
-2,15712
-2,15701
-2,15691
-2,15681
-2,1567
-2,1566
-2,1565
-2,1564
-2,15629
-2,15619
-2,15609
-2,15599
-2,15588
-2,15578
-2,15568
-2,15558
-2,15547
-2,15537
-2,15527
-2,15517
-2,15506
-2,15496
-2,15486
-2,15476
-2,15465
-2,15455
-2,15445
-2,15435
-2,15424
-2,15414
-2,15404
-2,15394
-2,15383
-2,15373
-2,15363
-2,15352
-2,15342
-2,15332
-2,15322
-2,15311
-2,15301
-2,15291
-2,15281
-2,1527
-2,1526
-2,1525
-2,1524
-2,15229
-2,15219
-2,15209
-2,15198
-2,15188
-2,15178
-2,15168
-2,15157
-2,15147
-2,15137
-2,15127
-2,15116
-2,15106
-2,15096
-2,15086
-2,15075
-2,15065
-2,15055
-2,15044
-2,15034
-2,15024
-2,15014
-2,15003
-2,14993
-2,14983
-2,14973
-2,14962
-2,14952
-2,14942
-2,14932
-2,14921
-2,14911
-2,14901
-2,1489
-2,1488
-2,1487
-2,1486
-2,14849
-2,14839
-2,14829
-2,14819
-2,14808
-2,14798
-2,14788
-2,14777
-2,14767
-2,14757
-2,14747
-2,14736
-2,14726
-2,14716
-2,14706
-2,14695
-2,14685
-2,14675
-2,14664
-2,14654
-2,14644
-2,14634
-2,14623
-2,14613
-2,14603
-2,14592
-2,14582
-2,14572
-2,14562
-2,14551
-2,14541
-2,14531
-2,14521
-2,1451
-2,145
-2,1449
-2,14479
-2,14469
-2,14459
-2,14449
-2,14438
-2,14428
-2,14418
-2,14407
-2,14397
-2,14387
-2,14377
-2,14366
-2,14356
-2,14346
-2,14335
-2,14325
-2,14315
-2,14305
-2,14294
-2,14284
-2,14274
-2,14263
-2,14253
-2,14243
-2,14233
-2,14222
-2,14212
-2,14202
-2,14191
-2,14181
-2,14171
-2,14161
-2,1415
-2,1414
-2,1413
-2,14119
-2,14109
-2,14099
-2,14089
-2,14078
-2,14068
-2,14058
-2,14047
-2,14037
-2,14027
-2,14017
-2,14006
-2,13996
-2,13986
-2,13975
-2,13965
-2,13955
-2,13945
-2,13934
-2,13924
-2,13914
-2,13903
-2,13893
-2,13883
-2,13873
-2,13862
-2,13852
-2,13842
-2,13831
-2,13821
-2,13811
-2,138
-2,1379
-2,1378
-2,1377
-2,13759
-2,13749
-2,13739
-2,13728
-2,13718
-2,13708
-2,13698
-2,13687
-2,13677
-2,13667
-2,13656
-2,13646
-2,13636
-2,13625
-2,13615
-2,13605
-2,13595
-2,13584
-2,13574
-2,13564
-2,13553
-2,13543
-2,13533
-2,13522
-2,13512
-2,13502
-2,13492
-2,13481
-2,13471
-2,13461
-2,1345
-2,1344
-2,1343
-2,13419
-2,13409
-2,13399
-2,13389
-2,13378
-2,13368
-2,13358
-2,13347
-2,13337
-2,13327
-2,13316
-2,13306
-2,13296
-2,13286
-2,13275
-2,13265
-2,13255
-2,13244
-2,13234
-2,13224
-2,13213
-2,13203
-2,13193
-2,13182
-2,13172
-2,13162
-2,13152
-2,13141
-2,13131
-2,13121
-2,1311
-2,131
-2,1309
-2,13079
-2,13069
-2,13059
-2,13048
-2,13038
-2,13028
-2,13018
-2,13007
-2,12997
-2,12987
-2,12976
-2,12966
-2,12956
-2,12945
-2,12935
-2,12925
-2,12914
-2,12904
-2,12894
-2,12883
-2,12873
-2,12863
-2,12853
-2,12842
-2,12832
-2,12822
-2,12811
-2,12801
-2,12791
-2,1278
-2,1277
-2,1276
-2,12749
-2,12739
-2,12729
-2,12718
-2,12708
-2,12698
-2,12688
-2,12677
-2,12667
-2,12657
-2,12646
-2,12636
-2,12626
-2,12615
-2,12605
-2,12595
-2,12584
-2,12574
-2,12564
-2,12553
-2,12543
-2,12533
-2,12522
-2,12512
-2,12502
-2,12491
-2,12481
-2,12471
-2,12461
-2,1245
-2,1244
-2,1243
-2,12419
-2,12409
-2,12399
-2,12388
-2,12378
-2,12368
-2,12357
-2,12347
-2,12337
-2,12326
-2,12316
-2,12306
-2,12295
-2,12285
-2,12275
-2,12264
-2,12254
-2,12244
-2,12233
-2,12223
-2,12213
-2,12202
-2,12192
-2,12182
-2,12171
-2,12161
-2,12151
-2,1214
-2,1213
-2,1212
-2,12109
-2,12099
-2,12089
-2,12078
-2,12068
-2,12058
-2,12048
-2,12037
-2,12027
-2,12017
-2,12006
-2,11996
-2,11986
-2,11975
-2,11965
-2,11955
-2,11944
-2,11934
-2,11924
-2,11913
-2,11903
-2,11893
-2,11882
-2,11872
-2,11862
-2,11851
-2,11841
-2,11831
-2,1182
-2,1181
-2,118
-2,11789
-2,11779
-2,11769
-2,11758
-2,11748
-2,11738
-2,11727
-2,11717
-2,11707
-2,11696
-2,11686
-2,11676
-2,11665
-2,11655
-2,11645
-2,11634
-2,11624
-2,11614
-2,11603
-2,11593
-2,11582
-2,11572
-2,11562
-2,11551
-2,11541
-2,11531
-2,1152
-2,1151
-2,115
-2,11489
-2,11479
-2,11469
-2,11458
-2,11448
-2,11438
-2,11427
-2,11417
-2,11407
-2,11396
-2,11386
-2,11376
-2,11365
-2,11355
-2,11345
-2,11334
-2,11324
-2,11314
-2,11303
-2,11293
-2,11283
-2,11272
-2,11262
-2,11252
-2,11241
-2,11231
-2,11221
-2,1121
-2,112
-2,11189
-2,11179
-2,11169
-2,11158
-2,11148
-2,11138
-2,11127
-2,11117
-2,11107
-2,11096
-2,11086
-2,11076
-2,11065
-2,11055
-2,11045
-2,11034
-2,11024
-2,11014
-2,11003
-2,10993
-2,10983
-2,10972
-2,10962
-2,10951
-2,10941
-2,10931
-2,1092
-2,1091
-2,109
-2,10889
-2,10879
-2,10869
-2,10858
-2,10848
-2,10838
-2,10827
-2,10817
-2,10807
-2,10796
-2,10786
-2,10775
-2,10765
-2,10755
-2,10744
-2,10734
-2,10724
-2,10713
-2,10703
-2,10693
-2,10682
-2,10672
-2,10662
-2,10651
-2,10641
-2,1063
-2,1062
-2,1061
-2,10599
-2,10589
-2,10579
-2,10568
-2,10558
-2,10548
-2,10537
-2,10527
-2,10517
-2,10506
-2,10496
-2,10485
-2,10475
-2,10465
-2,10454
-2,10444
-2,10434
-2,10423
-2,10413
-2,10403
-2,10392
-2,10382
-2,10371
-2,10361
-2,10351
-2,1034
-2,1033
-2,1032
-2,10309
-2,10299
-2,10289
-2,10278
-2,10268
-2,10257
-2,10247
-2,10237
-2,10226
-2,10216
-2,10206
-2,10195
-2,10185
-2,10175
-2,10164
-2,10154
-2,10143
-2,10133
-2,10123
-2,10112
-2,10102
-2,10092
-2,10081
-2,10071
-2,10061
-2,1005
-2,1004
-2,10029
-2,10019
-2,10009
-2,09998
-2,09988
-2,09978
-2,09967
-2,09957
-2,09946
-2,09936
-2,09926
-2,09915
-2,09905
-2,09895
-2,09884
-2,09874
-2,09863
-2,09853
-2,09843
-2,09832
-2,09822
-2,09812
-2,09801
-2,09791
-2,0978
-2,0977
-2,0976
-2,09749
-2,09739
-2,09729
-2,09718
-2,09708
-2,09697
-2,09687
-2,09677
-2,09666
-2,09656
-2,09646
-2,09635
-2,09625
-2,09614
-2,09604
-2,09594
-2,09583
-2,09573
-2,09563
-2,09552
-2,09542
-2,09531
-2,09521
-2,09511
-2,095
-2,0949
-2,0948
-2,09469
-2,09459
-2,09448
-2,09438
-2,09428
-2,09417
-2,09407
-2,09397
-2,09386
-2,09376
-2,09365
-2,09355
-2,09345
-2,09334
-2,09324
-2,09313
-2,09303
-2,09293
-2,09282
-2,09272
-2,09262
-2,09251
-2,09241
-2,0923
-2,0922
-2,0921
-2,09199
-2,09189
-2,09178
-2,09168
-2,09158
-2,09147
-2,09137
-2,09127
-2,09116
-2,09106
-2,09095
-2,09085
-2,09075
-2,09064
-2,09054
-2,09043
-2,09033
-2,09023
-2,09012
-2,09002
-2,08991
-2,08981
-2,08971
-2,0896
-2,0895
-2,08939
-2,08929
-2,08919
-2,08908
-2,08898
-2,08888
-2,08877
-2,08867
-2,08856
-2,08846
-2,08836
-2,08825
-2,08815
-2,08804
-2,08794
-2,08784
-2,08773
-2,08763
-2,08752
-2,08742
-2,08732
-2,08721
-2,08711
-2,087
-2,0869
-2,0868
-2,08669
-2,08659
-2,08648
-2,08638
-2,08628
-2,08617
-2,08607
-2,08596
-2,08586
-2,08576
-2,08565
-2,08555
-2,08544
-2,08534
-2,08524
-2,08513
-2,08503
-2,08492
-2,08482
-2,08472
-2,08461
-2,08451
-2,0844
-2,0843
-2,0842
-2,08409
-2,08399
-2,08388
-2,08378
-2,08368
-2,08357
-2,08347
-2,08336
-2,08326
-2,08316
-2,08305
-2,08295
-2,08284
-2,08274
-2,08264
-2,08253
-2,08243
-2,08232
-2,08222
-2,08212
-2,08201
-2,08191
-2,0818
-2,0817
-2,0816
-2,08149
-2,08139
-2,08128
-2,08118
-2,08108
-2,08097
-2,08087
-2,08076
-2,08066
-2,08056
-2,08045
-2,08035
-2,08024
-2,08014
-2,08003
-2,07993
-2,07983
-2,07972
-2,07962
-2,07951
-2,07941
-2,07931
-2,0792
-2,0791
-2,07899
-2,07889
-2,07879
-2,07868
-2,07858
-2,07847
-2,07837
-2,07826
-2,07816
-2,07806
-2,07795
-2,07785
-2,07774
-2,07764
-2,07754
-2,07743
-2,07733
-2,07722
-2,07712
-2,07702
-2,07691
-2,07681
-2,0767
-2,0766
-2,07649
-2,07639
-2,07629
-2,07618
-2,07608
-2,07597
-2,07587
-2,07577
-2,07566
-2,07556
-2,07545
-2,07535
-2,07524
-2,07514
-2,07504
-2,07493
-2,07483
-2,07472
-2,07462
-2,07451
-2,07441
-2,07431
-2,0742
-2,0741
-2,07399
-2,07389
-2,07379
-2,07368
-2,07358
-2,07347
-2,07337
-2,07326
-2,07316
-2,07306
-2,07295
-2,07285
-2,07274
-2,07264
-2,07253
-2,07243
-2,07233
-2,07222
-2,07212
-2,07201
-2,07191
-2,0718
-2,0717
-2,0716
-2,07149
-2,07139
-2,07128
-2,07118
-2,07107
-2,07097
-2,07087
-2,07076
-2,07066
-2,07055
-2,07045
-2,07034
-2,07024
-2,07014
-2,07003
-2,06993
-2,06982
-2,06972
-2,06961
-2,06951
-2,06941
-2,0693
-2,0692
-2,06909
-2,06899
-2,06888
-2,06878
-2,06868
-2,06857
-2,06847
-2,06836
-2,06826
-2,06815
-2,06805
-2,06795
-2,06784
-2,06774
-2,06763
-2,06753
-2,06742
-2,06732
-2,06722
-2,06711
-2,06701
-2,0669
-2,0668
-2,06669
-2,06659
-2,06648
-2,06638
-2,06628
-2,06617
-2,06607
-2,06596
-2,06586
-2,06575
-2,06565
-2,06555
-2,06544
-2,06534
-2,06523
-2,06513
-2,06502
-2,06492
-2,06481
-2,06471
-2,06461
-2,0645
-2,0644
-2,06429
-2,06419
-2,06408
-2,06398
-2,06388
-2,06377
-2,06367
-2,06356
-2,06346
-2,06335
-2,06325
-2,06314
-2,06304
-2,06294
-2,06283
-2,06273
-2,06262
-2,06252
-2,06241
-2,06231
-2,0622
-2,0621
-2,062
-2,06189
-2,06179
-2,06168
-2,06158
-2,06147
-2,06137
-2,06126
-2,06116
-2,06106
-2,06095
-2,06085
-2,06074
-2,06064
-2,06053
-2,06043
-2,06032
-2,06022
-2,06011
-2,06001
-2,05991
-2,0598
-2,0597
-2,05959
-2,05949
-2,05938
-2,05928
-2,05917
-2,05907
-2,05897
-2,05886
-2,05876
-2,05865
-2,05855
-2,05844
-2,05834
-2,05823
-2,05813
-2,05802
-2,05792
-2,05782
-2,05771
-2,05761
-2,0575
-2,0574
-2,05729
-2,05719
-2,05708
-2,05698
-2,05687
-2,05677
-2,05667
-2,05656
-2,05646
-2,05635
-2,05625
-2,05614
-2,05604
-2,05593
-2,05583
-2,05572
-2,05562
-2,05552
-2,05541
-2,05531
-2,0552
-2,0551
-2,05499
-2,05489
-2,05478
-2,05468
-2,05457
-2,05447
-2,05436
-2,05426
-2,05416
-2,05405
-2,05395
-2,05384
-2,05374
-2,05363
-2,05353
-2,05342
-2,05332
-2,05321
-2,05311
-2,053
-2,0529
-2,0528
-2,05269
-2,05259
-2,05248
-2,05238
-2,05227
-2,05217
-2,05206
-2,05196
-2,05185
-2,05175
-2,05164
-2,05154
-2,05144
-2,05133
-2,05123
-2,05112
-2,05102
-2,05091
-2,05081
-2,0507
-2,0506
-2,05049
-2,05039
-2,05028
-2,05018
-2,05007
-2,04997
-2,04987
-2,04976
-2,04966
-2,04955
-2,04945
-2,04934
-2,04924
-2,04913
-2,04903
-2,04892
-2,04882
-2,04871
-2,04861
-2,0485
-2,0484
-2,04829
-2,04819
-2,04809
-2,04798
-2,04788
-2,04777
-2,04767
-2,04756
-2,04746
-2,04735
-2,04725
-2,04714
-2,04704
-2,04693
-2,04683
-2,04672
-2,04662
-2,04651
-2,04641
-2,0463
-2,0462
-2,0461
-2,04599
-2,04589
-2,04578
-2,04568
-2,04557
-2,04547
-2,04536
-2,04526
-2,04515
-2,04505
-2,04494
-2,04484
-2,04473
-2,04463
-2,04452
-2,04442
-2,04431
-2,04421
-2,0441
-2,044
-2,04389
-2,04379
-2,04369
-2,04358
-2,04348
-2,04337
-2,04327
-2,04316
-2,04306
-2,04295
-2,04285
-2,04274
-2,04264
-2,04253
-2,04243
-2,04232
-2,04222
-2,04211
-2,04201
-2,0419
-2,0418
-2,04169
-2,04159
-2,04148
-2,04138
-2,04127
-2,04117
-2,04106
-2,04096
-2,04085
-2,04075
-2,04064
-2,04054
-2,04043
-2,04033
-2,04023
-2,04012
-2,04002
-2,03991
-2,03981
-2,0397
-2,0396
-2,03949
-2,03939
-2,03928
-2,03918
-2,03907
-2,03897
-2,03886
-2,03876
-2,03865
-2,03855
-2,03844
-2,03834
-2,03823
-2,03813
-2,03802
-2,03792
-2,03781
-2,03771
-2,0376
-2,0375
-2,03739
-2,03729
-2,03718
-2,03708
-2,03697
-2,03687
-2,03676
-2,03666
-2,03655
-2,03645
-2,03634
-2,03624
-2,03613
-2,03603
-2,03592
-2,03582
-2,03571
-2,03561
-2,0355
-2,0354
-2,03529
-2,03519
-2,03508
-2,03498
-2,03487
-2,03477
-2,03466
-2,03456
-2,03445
-2,03435
-2,03424
-2,03414
-2,03403
-2,03393
-2,03382
-2,03372
-2,03361
-2,03351
-2,0334
-2,0333
-2,03319
-2,03309
-2,03298
-2,03288
-2,03277
-2,03267
-2,03256
-2,03246
-2,03235
-2,03225
-2,03214
-2,03204
-2,03193
-2,03183
-2,03172
-2,03162
-2,03151
-2,03141
-2,0313
-2,0312
-2,03109
-2,03099
-2,03088
-2,03078
-2,03067
-2,03057
-2,03046
-2,03036
-2,03025
-2,03015
-2,03004
-2,02994
-2,02983
-2,02973
-2,02962
-2,02952
-2,02941
-2,02931
-2,0292
-2,0291
-2,02899
-2,02889
-2,02878
-2,02868
-2,02857
-2,02847
-2,02836
-2,02826
-2,02815
-2,02805
-2,02794
-2,02784
-2,02773
-2,02763
-2,02752
-2,02741
-2,02731
-2,0272
-2,0271
-2,02699
-2,02689
-2,02678
-2,02668
-2,02657
-2,02647
-2,02636
-2,02626
-2,02615
-2,02605
-2,02594
-2,02584
-2,02573
-2,02563
-2,02552
-2,02542
-2,02531
-2,02521
-2,0251
-2,025
-2,02489
-2,02479
-2,02468
-2,02458
-2,02447
-2,02437
-2,02426
-2,02415
-2,02405
-2,02394
-2,02384
-2,02373
-2,02363
-2,02352
-2,02342
-2,02331
-2,02321
-2,0231
-2,023
-2,02289
-2,02279
-2,02268
-2,02258
-2,02247
-2,02237
-2,02226
-2,02216
-2,02205
-2,02195
-2,02184
-2,02174
-2,02163
-2,02152
-2,02142
-2,02131
-2,02121
-2,0211
-2,021
-2,02089
-2,02079
-2,02068
-2,02058
-2,02047
-2,02037
-2,02026
-2,02016
-2,02005
-2,01995
-2,01984
-2,01974
-2,01963
-2,01952
-2,01942
-2,01931
-2,01921
-2,0191
-2,019
-2,01889
-2,01879
-2,01868
-2,01858
-2,01847
-2,01837
-2,01826
-2,01816
-2,01805
-2,01795
-2,01784
-2,01773
-2,01763
-2,01752
-2,01742
-2,01731
-2,01721
-2,0171
-2,017
-2,01689
-2,01679
-2,01668
-2,01658
-2,01647
-2,01637
-2,01626
-2,01615
-2,01605
-2,01594
-2,01584
-2,01573
-2,01563
-2,01552
-2,01542
-2,01531
-2,01521
-2,0151
-2,015
-2,01489
-2,01478
-2,01468
-2,01457
-2,01447
-2,01436
-2,01426
-2,01415
-2,01405
-2,01394
-2,01384
-2,01373
-2,01363
-2,01352
-2,01341
-2,01331
-2,0132
-2,0131
-2,01299
-2,01289
-2,01278
-2,01268
-2,01257
-2,01247
-2,01236
-2,01226
-2,01215
-2,01204
-2,01194
-2,01183
-2,01173
-2,01162
-2,01152
-2,01141
-2,01131
-2,0112
-2,0111
-2,01099
-2,01088
-2,01078
-2,01067
-2,01057
-2,01046
-2,01036
-2,01025
-2,01015
-2,01004
-2,00994
-2,00983
-2,00972
-2,00962
-2,00951
-2,00941
-2,0093
-2,0092
-2,00909
-2,00899
-2,00888
-2,00878
-2,00867
-2,00856
-2,00846
-2,00835
-2,00825
-2,00814
-2,00804
-2,00793
-2,00783
-2,00772
-2,00761
-2,00751
-2,0074
-2,0073
-2,00719
-2,00709
-2,00698
-2,00688
-2,00677
-2,00667
-2,00656
-2,00645
-2,00635
-2,00624
-2,00614
-2,00603
-2,00593
-2,00582
-2,00572
-2,00561
-2,0055
-2,0054
-2,00529
-2,00519
-2,00508
-2,00498
-2,00487
-2,00477
-2,00466
-2,00455
-2,00445
-2,00434
-2,00424
-2,00413
-2,00403
-2,00392
-2,00382
-2,00371
-2,0036
-2,0035
-2,00339
-2,00329
-2,00318
-2,00308
-2,00297
-2,00286
-2,00276
-2,00265
-2,00255
-2,00244
-2,00234
-2,00223
-2,00213
-2,00202
-2,00191
-2,00181
-2,0017
-2,0016
-2,00149
-2,00139
-2,00128
-2,00118
-2,00107
-2,00096
-2,00086
-2,00075
-2,00065
-2,00054
-2,00044
-2,00033
-2,00022
-2,00012
-2,00001
-1,99991
-1,9998
-1,9997
-1,99959
-1,99948
-1,99938
-1,99927
-1,99917
-1,99906
-1,99896
-1,99885
-1,99874
-1,99864
-1,99853
-1,99843
-1,99832
-1,99822
-1,99811
-1,99801
-1,9979
-1,99779
-1,99769
-1,99758
-1,99748
-1,99737
-1,99727
-1,99716
-1,99705
-1,99695
-1,99684
-1,99674
-1,99663
-1,99653
-1,99642
-1,99631
-1,99621
-1,9961
-1,996
-1,99589
-1,99579
-1,99568
-1,99557
-1,99547
-1,99536
-1,99526
-1,99515
-1,99504
-1,99494
-1,99483
-1,99473
-1,99462
-1,99452
-1,99441
-1,9943
-1,9942
-1,99409
-1,99399
-1,99388
-1,99378
-1,99367
-1,99356
-1,99346
-1,99335
-1,99325
-1,99314
-1,99304
-1,99293
-1,99282
-1,99272
-1,99261
-1,99251
-1,9924
-1,99229
-1,99219
-1,99208
-1,99198
-1,99187
-1,99177
-1,99166
-1,99155
-1,99145
-1,99134
-1,99124
-1,99113
-1,99102
-1,99092
-1,99081
-1,99071
-1,9906
-1,9905
-1,99039
-1,99028
-1,99018
-1,99007
-1,98997
-1,98986
-1,98975
-1,98965
-1,98954
-1,98944
-1,98933
-1,98923
-1,98912
-1,98901
-1,98891
-1,9888
-1,9887
-1,98859
-1,98848
-1,98838
-1,98827
-1,98817
-1,98806
-1,98795
-1,98785
-1,98774
-1,98764
-1,98753
-1,98743
-1,98732
-1,98721
-1,98711
-1,987
-1,9869
-1,98679
-1,98668
-1,98658
-1,98647
-1,98637
-1,98626
-1,98615
-1,98605
-1,98594
-1,98584
-1,98573
-1,98562
-1,98552
-1,98541
-1,98531
-1,9852
-1,9851
-1,98499
-1,98488
-1,98478
-1,98467
-1,98457
-1,98446
-1,98435
-1,98425
-1,98414
-1,98404
-1,98393
-1,98382
-1,98372
-1,98361
-1,98351
-1,9834
-1,98329
-1,98319
-1,98308
-1,98298
-1,98287
-1,98276
-1,98266
-1,98255
-1,98245
-1,98234
-1,98223
-1,98213
-1,98202
-1,98192
-1,98181
-1,9817
-1,9816
-1,98149
-1,98139
-1,98128
-1,98117
-1,98107
-1,98096
-1,98086
-1,98075
-1,98064
-1,98054
-1,98043
-1,98033
-1,98022
-1,98011
-1,98001
-1,9799
-1,9798
-1,97969
-1,97958
-1,97948
-1,97937
-1,97927
-1,97916
-1,97905
-1,97895
-1,97884
-1,97873
-1,97863
-1,97852
-1,97842
-1,97831
-1,9782
-1,9781
-1,97799
-1,97789
-1,97778
-1,97767
-1,97757
-1,97746
-1,97736
-1,97725
-1,97714
-1,97704
-1,97693
-1,97683
-1,97672
-1,97661
-1,97651
-1,9764
-1,97629
-1,97619
-1,97608
-1,97598
-1,97587
-1,97576
-1,97566
-1,97555
-1,97545
-1,97534
-1,97523
-1,97513
-1,97502
-1,97492
-1,97481
-1,9747
-1,9746
-1,97449
-1,97438
-1,97428
-1,97417
-1,97407
-1,97396
-1,97385
-1,97375
-1,97364
-1,97354
-1,97343
-1,97332
-1,97322
-1,97311
-1,973
-1,9729
-1,97279
-1,97269
-1,97258
-1,97247
-1,97237
-1,97226
-1,97216
-1,97205
-1,97194
-1,97184
-1,97173
-1,97162
-1,97152
-1,97141
-1,97131
-1,9712
-1,97109
-1,97099
-1,97088
-1,97077
-1,97067
-1,97056
-1,97046
-1,97035
-1,97024
-1,97014
-1,97003
-1,96992
-1,96982
-1,96971
-1,96961
-1,9695
-1,96939
-1,96929
-1,96918
-1,96907
-1,96897
-1,96886
-1,96876
-1,96865
-1,96854
-1,96844
-1,96833
-1,96822
-1,96812
-1,96801
-1,96791
-1,9678
-1,96769
-1,96759
-1,96748
-1,96737
-1,96727
-1,96716
-1,96706
-1,96695
-1,96684
-1,96674
-1,96663
-1,96652
-1,96642
-1,96631
-1,96621
-1,9661
-1,96599
-1,96589
-1,96578
-1,96567
-1,96557
-1,96546
-1,96535
-1,96525
-1,96514
-1,96504
-1,96493
-1,96482
-1,96472
-1,96461
-1,9645
-1,9644
-1,96429
-1,96419
-1,96408
-1,96397
-1,96387
-1,96376
-1,96365
-1,96355
-1,96344
-1,96333
-1,96323
-1,96312
-1,96302
-1,96291
-1,9628
-1,9627
-1,96259
-1,96248
-1,96238
-1,96227
-1,96216
-1,96206
-1,96195
-1,96185
-1,96174
-1,96163
-1,96153
-1,96142
-1,96131
-1,96121
-1,9611
-1,96099
-1,96089
-1,96078
-1,96067
-1,96057
-1,96046
-1,96036
-1,96025
-1,96014
-1,96004
-1,95993
-1,95982
-1,95972
-1,95961
-1,9595
-1,9594
-1,95929
-1,95919
-1,95908
-1,95897
-1,95887
-1,95876
-1,95865
-1,95855
-1,95844
-1,95833
-1,95823
-1,95812
-1,95801
-1,95791
-1,9578
-1,95769
-1,95759
-1,95748
-1,95738
-1,95727
-1,95716
-1,95706
-1,95695
-1,95684
-1,95674
-1,95663
-1,95652
-1,95642
-1,95631
-1,9562
-1,9561
-1,95599
-1,95588
-1,95578
-1,95567
-1,95557
-1,95546
-1,95535
-1,95525
-1,95514
-1,95503
-1,95493
-1,95482
-1,95471
-1,95461
-1,9545
-1,95439
-1,95429
-1,95418
-1,95407
-1,95397
-1,95386
-1,95375
-1,95365
-1,95354
-1,95343
-1,95333
-1,95322
-1,95311
-1,95301
-1,9529
-1,9528
-1,95269
-1,95258
-1,95248
-1,95237
-1,95226
-1,95216
-1,95205
-1,95194
-1,95184
-1,95173
-1,95162
-1,95152
-1,95141
-1,9513
-1,9512
-1,95109
-1,95098
-1,95088
-1,95077
-1,95066
-1,95056
-1,95045
-1,95034
-1,95024
-1,95013
-1,95002
-1,94992
-1,94981
-1,9497
-1,9496
-1,94949
-1,94938
-1,94928
-1,94917
-1,94906
-1,94896
-1,94885
-1,94874
-1,94864
-1,94853
-1,94842
-1,94832
-1,94821
-1,9481
-1,948
-1,94789
-1,94778
-1,94768
-1,94757
-1,94746
-1,94736
-1,94725
-1,94714
-1,94704
-1,94693
-1,94682
-1,94672
-1,94661
-1,9465
-1,9464
-1,94629
-1,94618
-1,94608
-1,94597
-1,94586
-1,94576
-1,94565
-1,94554
-1,94544
-1,94533
-1,94522
-1,94512
-1,94501
-1,9449
-1,9448
-1,94469
-1,94458
-1,94448
-1,94437
-1,94426
-1,94416
-1,94405
-1,94394
-1,94384
-1,94373
-1,94362
-1,94352
-1,94341
-1,9433
-1,9432
-1,94309
-1,94298
-1,94288
-1,94277
-1,94266
-1,94256
-1,94245
-1,94234
-1,94224
-1,94213
-1,94202
-1,94192
-1,94181
-1,9417
-1,9416
-1,94149
-1,94138
-1,94128
-1,94117
-1,94106
-1,94096
-1,94085
-1,94074
-1,94063
-1,94053
-1,94042
-1,94031
-1,94021
-1,9401
-1,93999
-1,93989
-1,93978
-1,93967
-1,93957
-1,93946
-1,93935
-1,93925
-1,93914
-1,93903
-1,93893
-1,93882
-1,93871
-1,93861
-1,9385
-1,93839
-1,93829
-1,93818
-1,93807
-1,93796
-1,93786
-1,93775
-1,93764
-1,93754
-1,93743
-1,93732
-1,93722
-1,93711
-1,937
-1,9369
-1,93679
-1,93668
-1,93658
-1,93647
-1,93636
-1,93625
-1,93615
-1,93604
-1,93593
-1,93583
-1,93572
-1,93561
-1,93551
-1,9354
-1,93529
-1,93519
-1,93508
-1,93497
-1,93487
-1,93476
-1,93465
-1,93454
-1,93444
-1,93433
-1,93422
-1,93412
-1,93401
-1,9339
-1,9338
-1,93369
-1,93358
-1,93348
-1,93337
-1,93326
-1,93315
-1,93305
-1,93294
-1,93283
-1,93273
-1,93262
-1,93251
-1,93241
-1,9323
-1,93219
-1,93209
-1,93198
-1,93187
-1,93176
-1,93166
-1,93155
-1,93144
-1,93134
-1,93123
-1,93112
-1,93102
-1,93091
-1,9308
-1,9307
-1,93059
-1,93048
-1,93037
-1,93027
-1,93016
-1,93005
-1,92995
-1,92984
-1,92973
-1,92963
-1,92952
-1,92941
-1,9293
-1,9292
-1,92909
-1,92898
-1,92888
-1,92877
-1,92866
-1,92856
-1,92845
-1,92834
-1,92823
-1,92813
-1,92802
-1,92791
-1,92781
-1,9277
-1,92759
-1,92749
-1,92738
-1,92727
-1,92716
-1,92706
-1,92695
-1,92684
-1,92674
-1,92663
-1,92652
-1,92641
-1,92631
-1,9262
-1,92609
-1,92599
-1,92588
-1,92577
-1,92567
-1,92556
-1,92545
-1,92534
-1,92524
-1,92513
-1,92502
-1,92492
-1,92481
-1,9247
-1,92459
-1,92449
-1,92438
-1,92427
-1,92417
-1,92406
-1,92395
-1,92384
-1,92374
-1,92363
-1,92352
-1,92342
-1,92331
-1,9232
-1,9231
-1,92299
-1,92288
-1,92277
-1,92267
-1,92256
-1,92245
-1,92235
-1,92224
-1,92213
-1,92202
-1,92192
-1,92181
-1,9217
-1,9216
-1,92149
-1,92138
-1,92127
-1,92117
-1,92106
-1,92095
-1,92085
-1,92074
-1,92063
-1,92052
-1,92042
-1,92031
-1,9202
-1,9201
-1,91999
-1,91988
-1,91977
-1,91967
-1,91956
-1,91945
-1,91934
-1,91924
-1,91913
-1,91902
-1,91892
-1,91881
-1,9187
-1,91859
-1,91849
-1,91838
-1,91827
-1,91817
-1,91806
-1,91795
-1,91784
-1,91774
-1,91763
-1,91752
-1,91742
-1,91731
-1,9172
-1,91709
-1,91699
-1,91688
-1,91677
-1,91666
-1,91656
-1,91645
-1,91634
-1,91624
-1,91613
-1,91602
-1,91591
-1,91581
-1,9157
-1,91559
-1,91549
-1,91538
-1,91527
-1,91516
-1,91506
-1,91495
-1,91484
-1,91473
-1,91463
-1,91452
-1,91441
-1,91431
-1,9142
-1,91409
-1,91398
-1,91388
-1,91377
-1,91366
-1,91355
-1,91345
-1,91334
-1,91323
-1,91312
-1,91302
-1,91291
-1,9128
-1,9127
-1,91259
-1,91248
-1,91237
-1,91227
-1,91216
-1,91205
-1,91194
-1,91184
-1,91173
-1,91162
-1,91152
-1,91141
-1,9113
-1,91119
-1,91109
-1,91098
-1,91087
-1,91076
-1,91066
-1,91055
-1,91044
-1,91033
-1,91023
-1,91012
-1,91001
-1,90991
-1,9098
-1,90969
-1,90958
-1,90948
-1,90937
-1,90926
-1,90915
-1,90905
-1,90894
-1,90883
-1,90872
-1,90862
-1,90851
-1,9084
-1,90829
-1,90819
-1,90808
-1,90797
-1,90786
-1,90776
-1,90765
-1,90754
-1,90744
-1,90733
-1,90722
-1,90711
-1,90701
-1,9069
-1,90679
-1,90668
-1,90658
-1,90647
-1,90636
-1,90625
-1,90615
-1,90604
-1,90593
-1,90582
-1,90572
-1,90561
-1,9055
-1,90539
-1,90529
-1,90518
-1,90507
-1,90496
-1,90486
-1,90475
-1,90464
-1,90453
-1,90443
-1,90432
-1,90421
-1,9041
-1,904
-1,90389
-1,90378
-1,90367
-1,90357
-1,90346
-1,90335
-1,90325
-1,90314
-1,90303
-1,90292
-1,90282
-1,90271
-1,9026
-1,90249
-1,90239
-1,90228
-1,90217
-1,90206
-1,90196
-1,90185
-1,90174
-1,90163
-1,90153
-1,90142
-1,90131
-1,9012
-1,9011
-1,90099
-1,90088
-1,90077
-1,90066
-1,90056
-1,90045
-1,90034
-1,90023
-1,90013
-1,90002
-1,89991
-1,8998
-1,8997
-1,89959
-1,89948
-1,89937
-1,89927
-1,89916
-1,89905
-1,89894
-1,89884
-1,89873
-1,89862
-1,89851
-1,89841
-1,8983
-1,89819
-1,89808
-1,89798
-1,89787
-1,89776
-1,89765
-1,89755
-1,89744
-1,89733
-1,89722
-1,89712
-1,89701
-1,8969
-1,89679
-1,89668
-1,89658
-1,89647
-1,89636
-1,89625
-1,89615
-1,89604
-1,89593
-1,89582
-1,89572
-1,89561
-1,8955
-1,89539
-1,89529
-1,89518
-1,89507
-1,89496
-1,89486
-1,89475
-1,89464
-1,89453
-1,89442
-1,89432
-1,89421
-1,8941
-1,89399
-1,89389
-1,89378
-1,89367
-1,89356
-1,89346
-1,89335
-1,89324
-1,89313
-1,89303
-1,89292
-1,89281
-1,8927
-1,89259
-1,89249
-1,89238
-1,89227
-1,89216
-1,89206
-1,89195
-1,89184
-1,89173
-1,89163
-1,89152
-1,89141
-1,8913
-1,89119
-1,89109
-1,89098
-1,89087
-1,89076
-1,89066
-1,89055
-1,89044
-1,89033
-1,89023
-1,89012
-1,89001
-1,8899
-1,88979
-1,88969
-1,88958
-1,88947
-1,88936
-1,88926
-1,88915
-1,88904
-1,88893
-1,88882
-1,88872
-1,88861
-1,8885
-1,88839
-1,88829
-1,88818
-1,88807
-1,88796
-1,88785
-1,88775
-1,88764
-1,88753
-1,88742
-1,88732
-1,88721
-1,8871
-1,88699
-1,88688
-1,88678
-1,88667
-1,88656
-1,88645
-1,88635
-1,88624
-1,88613
-1,88602
-1,88591
-1,88581
-1,8857
-1,88559
-1,88548
-1,88538
-1,88527
-1,88516
-1,88505
-1,88494
-1,88484
-1,88473
-1,88462
-1,88451
-1,88441
-1,8843
-1,88419
-1,88408
-1,88397
-1,88387
-1,88376
-1,88365
-1,88354
-1,88343
-1,88333
-1,88322
-1,88311
-1,883
-1,8829
-1,88279
-1,88268
-1,88257
-1,88246
-1,88236
-1,88225
-1,88214
-1,88203
-1,88192
-1,88182
-1,88171
-1,8816
-1,88149
-1,88139
-1,88128
-1,88117
-1,88106
-1,88095
-1,88085
-1,88074
-1,88063
-1,88052
-1,88041
-1,88031
-1,8802
-1,88009
-1,87998
-1,87987
-1,87977
-1,87966
-1,87955
-1,87944
-1,87934
-1,87923
-1,87912
-1,87901
-1,8789
-1,8788
-1,87869
-1,87858
-1,87847
-1,87836
-1,87826
-1,87815
-1,87804
-1,87793
-1,87782
-1,87772
-1,87761
-1,8775
-1,87739
-1,87728
-1,87718
-1,87707
-1,87696
-1,87685
-1,87674
-1,87664
-1,87653
-1,87642
-1,87631
-1,8762
-1,8761
-1,87599
-1,87588
-1,87577
-1,87566
-1,87556
-1,87545
-1,87534
-1,87523
-1,87512
-1,87502
-1,87491
-1,8748
-1,87469
-1,87458
-1,87448
-1,87437
-1,87426
-1,87415
-1,87404
-1,87394
-1,87383
-1,87372
-1,87361
-1,8735
-1,8734
-1,87329
-1,87318
-1,87307
-1,87296
-1,87286
-1,87275
-1,87264
-1,87253
-1,87242
-1,87232
-1,87221
-1,8721
-1,87199
-1,87188
-1,87178
-1,87167
-1,87156
-1,87145
-1,87134
-1,87124
-1,87113
-1,87102
-1,87091
-1,8708
-1,8707
-1,87059
-1,87048
-1,87037
-1,87026
-1,87015
-1,87005
-1,86994
-1,86983
-1,86972
-1,86961
-1,86951
-1,8694
-1,86929
-1,86918
-1,86907
-1,86897
-1,86886
-1,86875
-1,86864
-1,86853
-1,86843
-1,86832
-1,86821
-1,8681
-1,86799
-1,86788
-1,86778
-1,86767
-1,86756
-1,86745
-1,86734
-1,86724
-1,86713
-1,86702
-1,86691
-1,8668
-1,86669
-1,86659
-1,86648
-1,86637
-1,86626
-1,86615
-1,86605
-1,86594
-1,86583
-1,86572
-1,86561
-1,86551
-1,8654
-1,86529
-1,86518
-1,86507
-1,86496
-1,86486
-1,86475
-1,86464
-1,86453
-1,86442
-1,86432
-1,86421
-1,8641
-1,86399
-1,86388
-1,86377
-1,86367
-1,86356
-1,86345
-1,86334
-1,86323
-1,86312
-1,86302
-1,86291
-1,8628
-1,86269
-1,86258
-1,86248
-1,86237
-1,86226
-1,86215
-1,86204
-1,86193
-1,86183
-1,86172
-1,86161
-1,8615
-1,86139
-1,86128
-1,86118
-1,86107
-1,86096
-1,86085
-1,86074
-1,86064
-1,86053
-1,86042
-1,86031
-1,8602
-1,86009
-1,85999
-1,85988
-1,85977
-1,85966
-1,85955
-1,85944
-1,85934
-1,85923
-1,85912
-1,85901
-1,8589
-1,85879
-1,85869
-1,85858
-1,85847
-1,85836
-1,85825
-1,85814
-1,85804
-1,85793
-1,85782
-1,85771
-1,8576
-1,85749
-1,85739
-1,85728
-1,85717
-1,85706
-1,85695
-1,85684
-1,85674
-1,85663
-1,85652
-1,85641
-1,8563
-1,85619
-1,85609
-1,85598
-1,85587
-1,85576
-1,85565
-1,85554
-1,85544
-1,85533
-1,85522
-1,85511
-1,855
-1,85489
-1,85479
-1,85468
-1,85457
-1,85446
-1,85435
-1,85424
-1,85414
-1,85403
-1,85392
-1,85381
-1,8537
-1,85359
-1,85349
-1,85338
-1,85327
-1,85316
-1,85305
-1,85294
-1,85284
-1,85273
-1,85262
-1,85251
-1,8524
-1,85229
-1,85218
-1,85208
-1,85197
-1,85186
-1,85175
-1,85164
-1,85153
-1,85143
-1,85132
-1,85121
-1,8511
-1,85099
-1,85088
-1,85078
-1,85067
-1,85056
-1,85045
-1,85034
-1,85023
-1,85012
-1,85002
-1,84991
-1,8498
-1,84969
-1,84958
-1,84947
-1,84937
-1,84926
-1,84915
-1,84904
-1,84893
-1,84882
-1,84871
-1,84861
-1,8485
-1,84839
-1,84828
-1,84817
-1,84806
-1,84796
-1,84785
-1,84774
-1,84763
-1,84752
-1,84741
-1,8473
-1,8472
-1,84709
-1,84698
-1,84687
-1,84676
-1,84665
-1,84654
-1,84644
-1,84633
-1,84622
-1,84611
-1,846
-1,84589
-1,84579
-1,84568
-1,84557
-1,84546
-1,84535
-1,84524
-1,84513
-1,84503
-1,84492
-1,84481
-1,8447
-1,84459
-1,84448
-1,84437
-1,84427
-1,84416
-1,84405
-1,84394
-1,84383
-1,84372
-1,84361
-1,84351
-1,8434
-1,84329
-1,84318
-1,84307
-1,84296
-1,84285
-1,84275
-1,84264
-1,84253
-1,84242
-1,84231
-1,8422
-1,84209
-1,84199
-1,84188
-1,84177
-1,84166
-1,84155
-1,84144
-1,84133
-1,84122
-1,84112
-1,84101
-1,8409
-1,84079
-1,84068
-1,84057
-1,84046
-1,84036
-1,84025
-1,84014
-1,84003
-1,83992
-1,83981
-1,8397
-1,8396
-1,83949
-1,83938
-1,83927
-1,83916
-1,83905
-1,83894
-1,83884
-1,83873
-1,83862
-1,83851
-1,8384
-1,83829
-1,83818
-1,83807
-1,83797
-1,83786
-1,83775
-1,83764
-1,83753
-1,83742
-1,83731
-1,8372
-1,8371
-1,83699
-1,83688
-1,83677
-1,83666
-1,83655
-1,83644
-1,83634
-1,83623
-1,83612
-1,83601
-1,8359
-1,83579
-1,83568
-1,83557
-1,83547
-1,83536
-1,83525
-1,83514
-1,83503
-1,83492
-1,83481
-1,8347
-1,8346
-1,83449
-1,83438
-1,83427
-1,83416
-1,83405
-1,83394
-1,83383
-1,83373
-1,83362
-1,83351
-1,8334
-1,83329
-1,83318
-1,83307
-1,83296
-1,83286
-1,83275
-1,83264
-1,83253
-1,83242
-1,83231
-1,8322
-1,83209
-1,83199
-1,83188
-1,83177
-1,83166
-1,83155
-1,83144
-1,83133
-1,83122
-1,83112
-1,83101
-1,8309
-1,83079
-1,83068
-1,83057
-1,83046
-1,83035
-1,83025
-1,83014
-1,83003
-1,82992
-1,82981
-1,8297
-1,82959
-1,82948
-1,82937
-1,82927
-1,82916
-1,82905
-1,82894
-1,82883
-1,82872
-1,82861
-1,8285
-1,8284
-1,82829
-1,82818
-1,82807
-1,82796
-1,82785
-1,82774
-1,82763
-1,82752
-1,82742
-1,82731
-1,8272
-1,82709
-1,82698
-1,82687
-1,82676
-1,82665
-1,82654
-1,82644
-1,82633
-1,82622
-1,82611
-1,826
-1,82589
-1,82578
-1,82567
-1,82556
-1,82546
-1,82535
-1,82524
-1,82513
-1,82502
-1,82491
-1,8248
-1,82469
-1,82458
-1,82448
-1,82437
-1,82426
-1,82415
-1,82404
-1,82393
-1,82382
-1,82371
-1,8236
-1,8235
-1,82339
-1,82328
-1,82317
-1,82306
-1,82295
-1,82284
-1,82273
-1,82262
-1,82251
-1,82241
-1,8223
-1,82219
-1,82208
-1,82197
-1,82186
-1,82175
-1,82164
-1,82153
-1,82143
-1,82132
-1,82121
-1,8211
-1,82099
-1,82088
-1,82077
-1,82066
-1,82055
-1,82044
-1,82034
-1,82023
-1,82012
-1,82001
-1,8199
-1,81979
-1,81968
-1,81957
-1,81946
-1,81935
-1,81925
-1,81914
-1,81903
-1,81892
-1,81881
-1,8187
-1,81859
-1,81848
-1,81837
-1,81826
-1,81816
-1,81805
-1,81794
-1,81783
-1,81772
-1,81761
-1,8175
-1,81739
-1,81728
-1,81717
-1,81706
-1,81696
-1,81685
-1,81674
-1,81663
-1,81652
-1,81641
-1,8163
-1,81619
-1,81608
-1,81597
-1,81587
-1,81576
-1,81565
-1,81554
-1,81543
-1,81532
-1,81521
-1,8151
-1,81499
-1,81488
-1,81477
-1,81467
-1,81456
-1,81445
-1,81434
-1,81423
-1,81412
-1,81401
-1,8139
-1,81379
-1,81368
-1,81357
-1,81347
-1,81336
-1,81325
-1,81314
-1,81303
-1,81292
-1,81281
-1,8127
-1,81259
-1,81248
-1,81237
-1,81227
-1,81216
-1,81205
-1,81194
-1,81183
-1,81172
-1,81161
-1,8115
-1,81139
-1,81128
-1,81117
-1,81106
-1,81096
-1,81085
-1,81074
-1,81063
-1,81052
-1,81041
-1,8103
-1,81019
-1,81008
-1,80997
-1,80986
-1,80975
-1,80965
-1,80954
-1,80943
-1,80932
-1,80921
-1,8091
-1,80899
-1,80888
-1,80877
-1,80866
-1,80855
-1,80844
-1,80834
-1,80823
-1,80812
-1,80801
-1,8079
-1,80779
-1,80768
-1,80757
-1,80746
-1,80735
-1,80724
-1,80713
-1,80702
-1,80692
-1,80681
-1,8067
-1,80659
-1,80648
-1,80637
-1,80626
-1,80615
-1,80604
-1,80593
-1,80582
-1,80571
-1,8056
-1,8055
-1,80539
-1,80528
-1,80517
-1,80506
-1,80495
-1,80484
-1,80473
-1,80462
-1,80451
-1,8044
-1,80429
-1,80418
-1,80407
-1,80397
-1,80386
-1,80375
-1,80364
-1,80353
-1,80342
-1,80331
-1,8032
-1,80309
-1,80298
-1,80287
-1,80276
-1,80265
-1,80254
-1,80244
-1,80233
-1,80222
-1,80211
-1,802
-1,80189
-1,80178
-1,80167
-1,80156
-1,80145
-1,80134
-1,80123
-1,80112
-1,80101
-1,80091
-1,8008
-1,80069
-1,80058
-1,80047
-1,80036
-1,80025
-1,80014
-1,80003
-1,79992
-1,79981
-1,7997
-1,79959
-1,79948
-1,79937
-1,79927
-1,79916
-1,79905
-1,79894
-1,79883
-1,79872
-1,79861
-1,7985
-1,79839
-1,79828
-1,79817
-1,79806
-1,79795
-1,79784
-1,79773
-1,79762
-1,79752
-1,79741
-1,7973
-1,79719
-1,79708
-1,79697
-1,79686
-1,79675
-1,79664
-1,79653
-1,79642
-1,79631
-1,7962
-1,79609
-1,79598
-1,79587
-1,79576
-1,79566
-1,79555
-1,79544
-1,79533
-1,79522
-1,79511
-1,795
-1,79489
-1,79478
-1,79467
-1,79456
-1,79445
-1,79434
-1,79423
-1,79412
-1,79401
-1,7939
-1,79379
-1,79369
-1,79358
-1,79347
-1,79336
-1,79325
-1,79314
-1,79303
-1,79292
-1,79281
-1,7927
-1,79259
-1,79248
-1,79237
-1,79226
-1,79215
-1,79204
-1,79193
-1,79182
-1,79171
-1,79161
-1,7915
-1,79139
-1,79128
-1,79117
-1,79106
-1,79095
-1,79084
-1,79073
-1,79062
-1,79051
-1,7904
-1,79029
-1,79018
-1,79007
-1,78996
-1,78985
-1,78974
-1,78963
-1,78952
-1,78941
-1,78931
-1,7892
-1,78909
-1,78898
-1,78887
-1,78876
-1,78865
-1,78854
-1,78843
-1,78832
-1,78821
-1,7881
-1,78799
-1,78788
-1,78777
-1,78766
-1,78755
-1,78744
-1,78733
-1,78722
-1,78711
-1,787
-1,7869
-1,78679
-1,78668
-1,78657
-1,78646
-1,78635
-1,78624
-1,78613
-1,78602
-1,78591
-1,7858
-1,78569
-1,78558
-1,78547
-1,78536
-1,78525
-1,78514
-1,78503
-1,78492
-1,78481
-1,7847
-1,78459
-1,78448
-1,78437
-1,78426
-1,78416
-1,78405
-1,78394
-1,78383
-1,78372
-1,78361
-1,7835
-1,78339
-1,78328
-1,78317
-1,78306
-1,78295
-1,78284
-1,78273
-1,78262
-1,78251
-1,7824
-1,78229
-1,78218
-1,78207
-1,78196
-1,78185
-1,78174
-1,78163
-1,78152
-1,78141
-1,7813
-1,78119
-1,78108
-1,78098
-1,78087
-1,78076
-1,78065
-1,78054
-1,78043
-1,78032
-1,78021
-1,7801
-1,77999
-1,77988
-1,77977
-1,77966
-1,77955
-1,77944
-1,77933
-1,77922
-1,77911
-1,779
-1,77889
-1,77878
-1,77867
-1,77856
-1,77845
-1,77834
-1,77823
-1,77812
-1,77801
-1,7779
-1,77779
-1,77768
-1,77757
-1,77746
-1,77735
-1,77724
-1,77714
-1,77703
-1,77692
-1,77681
-1,7767
-1,77659
-1,77648
-1,77637
-1,77626
-1,77615
-1,77604
-1,77593
-1,77582
-1,77571
-1,7756
-1,77549
-1,77538
-1,77527
-1,77516
-1,77505
-1,77494
-1,77483
-1,77472
-1,77461
-1,7745
-1,77439
-1,77428
-1,77417
-1,77406
-1,77395
-1,77384
-1,77373
-1,77362
-1,77351
-1,7734
-1,77329
-1,77318
-1,77307
-1,77296
-1,77285
-1,77274
-1,77263
-1,77252
-1,77241
-1,7723
-1,77219
-1,77208
-1,77197
-1,77187
-1,77176
-1,77165
-1,77154
-1,77143
-1,77132
-1,77121
-1,7711
-1,77099
-1,77088
-1,77077
-1,77066
-1,77055
-1,77044
-1,77033
-1,77022
-1,77011
-1,77
-1,76989
-1,76978
-1,76967
-1,76956
-1,76945
-1,76934
-1,76923
-1,76912
-1,76901
-1,7689
-1,76879
-1,76868
-1,76857
-1,76846
-1,76835
-1,76824
-1,76813
-1,76802
-1,76791
-1,7678
-1,76769
-1,76758
-1,76747
-1,76736
-1,76725
-1,76714
-1,76703
-1,76692
-1,76681
-1,7667
-1,76659
-1,76648
-1,76637
-1,76626
-1,76615
-1,76604
-1,76593
-1,76582
-1,76571
-1,7656
-1,76549
-1,76538
-1,76527
-1,76516
-1,76505
-1,76494
-1,76483
-1,76472
-1,76461
-1,7645
-1,76439
-1,76428
-1,76417
-1,76406
-1,76395
-1,76384
-1,76373
-1,76362
-1,76351
-1,7634
-1,76329
-1,76318
-1,76307
-1,76296
-1,76285
-1,76274
-1,76263
-1,76252
-1,76241
-1,7623
-1,76219
-1,76208
-1,76197
-1,76186
-1,76175
-1,76164
-1,76153
-1,76142
-1,76131
-1,7612
-1,76109
-1,76098
-1,76087
-1,76076
-1,76065
-1,76054
-1,76043
-1,76032
-1,76021
-1,7601
-1,75999
-1,75988
-1,75977
-1,75966
-1,75955
-1,75944
-1,75933
-1,75922
-1,75911
-1,759
-1,75889
-1,75878
-1,75867
-1,75856
-1,75845
-1,75834
-1,75823
-1,75812
-1,75801
-1,7579
-1,75779
-1,75768
-1,75757
-1,75746
-1,75735
-1,75724
-1,75713
-1,75702
-1,75691
-1,7568
-1,75669
-1,75658
-1,75647
-1,75636
-1,75625
-1,75614
-1,75603
-1,75592
-1,75581
-1,7557
-1,75559
-1,75548
-1,75537
-1,75526
-1,75515
-1,75504
-1,75493
-1,75482
-1,75471
-1,7546
-1,75449
-1,75438
-1,75427
-1,75416
-1,75405
-1,75394
-1,75383
-1,75372
-1,75361
-1,7535
-1,75339
-1,75328
-1,75316
-1,75305
-1,75294
-1,75283
-1,75272
-1,75261
-1,7525
-1,75239
-1,75228
-1,75217
-1,75206
-1,75195
-1,75184
-1,75173
-1,75162
-1,75151
-1,7514
-1,75129
-1,75118
-1,75107
-1,75096
-1,75085
-1,75074
-1,75063
-1,75052
-1,75041
-1,7503
-1,75019
-1,75008
-1,74997
-1,74986
-1,74975
-1,74964
-1,74953
-1,74942
-1,74931
-1,7492
-1,74909
-1,74898
-1,74887
-1,74876
-1,74865
-1,74854
-1,74843
-1,74832
-1,74821
-1,7481
-1,74799
-1,74787
-1,74776
-1,74765
-1,74754
-1,74743
-1,74732
-1,74721
-1,7471
-1,74699
-1,74688
-1,74677
-1,74666
-1,74655
-1,74644
-1,74633
-1,74622
-1,74611
-1,746
-1,74589
-1,74578
-1,74567
-1,74556
-1,74545
-1,74534
-1,74523
-1,74512
-1,74501
-1,7449
-1,74479
-1,74468
-1,74457
-1,74446
-1,74435
-1,74424
-1,74413
-1,74401
-1,7439
-1,74379
-1,74368
-1,74357
-1,74346
-1,74335
-1,74324
-1,74313
-1,74302
-1,74291
-1,7428
-1,74269
-1,74258
-1,74247
-1,74236
-1,74225
-1,74214
-1,74203
-1,74192
-1,74181
-1,7417
-1,74159
-1,74148
-1,74137
-1,74126
-1,74115
-1,74104
-1,74093
-1,74081
-1,7407
-1,74059
-1,74048
-1,74037
-1,74026
-1,74015
-1,74004
-1,73993
-1,73982
-1,73971
-1,7396
-1,73949
-1,73938
-1,73927
-1,73916
-1,73905
-1,73894
-1,73883
-1,73872
-1,73861
-1,7385
-1,73839
-1,73828
-1,73817
-1,73805
-1,73794
-1,73783
-1,73772
-1,73761
-1,7375
-1,73739
-1,73728
-1,73717
-1,73706
-1,73695
-1,73684
-1,73673
-1,73662
-1,73651
-1,7364
-1,73629
-1,73618
-1,73607
-1,73596
-1,73585
-1,73574
-1,73563
-1,73551
-1,7354
-1,73529
-1,73518
-1,73507
-1,73496
-1,73485
-1,73474
-1,73463
-1,73452
-1,73441
-1,7343
-1,73419
-1,73408
-1,73397
-1,73386
-1,73375
-1,73364
-1,73353
-1,73342
-1,73331
-1,73319
-1,73308
-1,73297
-1,73286
-1,73275
-1,73264
-1,73253
-1,73242
-1,73231
-1,7322
-1,73209
-1,73198
-1,73187
-1,73176
-1,73165
-1,73154
-1,73143
-1,73132
-1,73121
-1,73109
-1,73098
-1,73087
-1,73076
-1,73065
-1,73054
-1,73043
-1,73032
-1,73021
-1,7301
-1,72999
-1,72988
-1,72977
-1,72966
-1,72955
-1,72944
-1,72933
-1,72922
-1,7291
-1,72899
-1,72888
-1,72877
-1,72866
-1,72855
-1,72844
-1,72833
-1,72822
-1,72811
-1,728
-1,72789
-1,72778
-1,72767
-1,72756
-1,72745
-1,72734
-1,72722
-1,72711
-1,727
-1,72689
-1,72678
-1,72667
-1,72656
-1,72645
-1,72634
-1,72623
-1,72612
-1,72601
-1,7259
-1,72579
-1,72568
-1,72557
-1,72545
-1,72534
-1,72523
-1,72512
-1,72501
-1,7249
-1,72479
-1,72468
-1,72457
-1,72446
-1,72435
-1,72424
-1,72413
-1,72402
-1,72391
-1,72379
-1,72368
-1,72357
-1,72346
-1,72335
-1,72324
-1,72313
-1,72302
-1,72291
-1,7228
-1,72269
-1,72258
-1,72247
-1,72236
-1,72225
-1,72213
-1,72202
-1,72191
-1,7218
-1,72169
-1,72158
-1,72147
-1,72136
-1,72125
-1,72114
-1,72103
-1,72092
-1,72081
-1,7207
-1,72058
-1,72047
-1,72036
-1,72025
-1,72014
-1,72003
-1,71992
-1,71981
-1,7197
-1,71959
-1,71948
-1,71937
-1,71926
-1,71915
-1,71903
-1,71892
-1,71881
-1,7187
-1,71859
-1,71848
-1,71837
-1,71826
-1,71815
-1,71804
-1,71793
-1,71782
-1,71771
-1,71759
-1,71748
-1,71737
-1,71726
-1,71715
-1,71704
-1,71693
-1,71682
-1,71671
-1,7166
-1,71649
-1,71638
-1,71627
-1,71615
-1,71604
-1,71593
-1,71582
-1,71571
-1,7156
-1,71549
-1,71538
-1,71527
-1,71516
-1,71505
-1,71494
-1,71482
-1,71471
-1,7146
-1,71449
-1,71438
-1,71427
-1,71416
-1,71405
-1,71394
-1,71383
-1,71372
-1,71361
-1,71349
-1,71338
-1,71327
-1,71316
-1,71305
-1,71294
-1,71283
-1,71272
-1,71261
-1,7125
-1,71239
-1,71228
-1,71216
-1,71205
-1,71194
-1,71183
-1,71172
-1,71161
-1,7115
-1,71139
-1,71128
-1,71117
-1,71106
-1,71095
-1,71083
-1,71072
-1,71061
-1,7105
-1,71039
-1,71028
-1,71017
-1,71006
-1,70995
-1,70984
-1,70973
-1,70961
-1,7095
-1,70939
-1,70928
-1,70917
-1,70906
-1,70895
-1,70884
-1,70873
-1,70862
-1,70851
-1,70839
-1,70828
-1,70817
-1,70806
-1,70795
-1,70784
-1,70773
-1,70762
-1,70751
-1,7074
-1,70729
-1,70717
-1,70706
-1,70695
-1,70684
-1,70673
-1,70662
-1,70651
-1,7064
-1,70629
-1,70618
-1,70606
-1,70595
-1,70584
-1,70573
-1,70562
-1,70551
-1,7054
-1,70529
-1,70518
-1,70507
-1,70495
-1,70484
-1,70473
-1,70462
-1,70451
-1,7044
-1,70429
-1,70418
-1,70407
-1,70396
-1,70384
-1,70373
-1,70362
-1,70351
-1,7034
-1,70329
-1,70318
-1,70307
-1,70296
-1,70285
-1,70273
-1,70262
-1,70251
-1,7024
-1,70229
-1,70218
-1,70207
-1,70196
-1,70185
-1,70174
-1,70162
-1,70151
-1,7014
-1,70129
-1,70118
-1,70107
-1,70096
-1,70085
-1,70074
-1,70063
-1,70051
-1,7004
-1,70029
-1,70018
-1,70007
-1,69996
-1,69985
-1,69974
-1,69963
-1,69951
-1,6994
-1,69929
-1,69918
-1,69907
-1,69896
-1,69885
-1,69874
-1,69863
-1,69851
-1,6984
-1,69829
-1,69818
-1,69807
-1,69796
-1,69785
-1,69774
-1,69763
-1,69751
-1,6974
-1,69729
-1,69718
-1,69707
-1,69696
-1,69685
-1,69674
-1,69663
-1,69651
-1,6964
-1,69629
-1,69618
-1,69607
-1,69596
-1,69585
-1,69574
-1,69563
-1,69551
-1,6954
-1,69529
-1,69518
-1,69507
-1,69496
-1,69485
-1,69474
-1,69463
-1,69451
-1,6944
-1,69429
-1,69418
-1,69407
-1,69396
-1,69385
-1,69374
-1,69363
-1,69351
-1,6934
-1,69329
-1,69318
-1,69307
-1,69296
-1,69285
-1,69274
-1,69262
-1,69251
-1,6924
-1,69229
-1,69218
-1,69207
-1,69196
-1,69185
-1,69173
-1,69162
-1,69151
-1,6914
-1,69129
-1,69118
-1,69107
-1,69096
-1,69085
-1,69073
-1,69062
-1,69051
-1,6904
-1,69029
-1,69018
-1,69007
-1,68996
-1,68984
-1,68973
-1,68962
-1,68951
-1,6894
-1,68929
-1,68918
-1,68907
-1,68895
-1,68884
-1,68873
-1,68862
-1,68851
-1,6884
-1,68829
-1,68818
-1,68806
-1,68795
-1,68784
-1,68773
-1,68762
-1,68751
-1,6874
-1,68729
-1,68717
-1,68706
-1,68695
-1,68684
-1,68673
-1,68662
-1,68651
-1,68639
-1,68628
-1,68617
-1,68606
-1,68595
-1,68584
-1,68573
-1,68562
-1,6855
-1,68539
-1,68528
-1,68517
-1,68506
-1,68495
-1,68484
-1,68473
-1,68461
-1,6845
-1,68439
-1,68428
-1,68417
-1,68406
-1,68395
-1,68383
-1,68372
-1,68361
-1,6835
-1,68339
-1,68328
-1,68317
-1,68306
-1,68294
-1,68283
-1,68272
-1,68261
-1,6825
-1,68239
-1,68228
-1,68216
-1,68205
-1,68194
-1,68183
-1,68172
-1,68161
-1,6815
-1,68138
-1,68127
-1,68116
-1,68105
-1,68094
-1,68083
-1,68072
-1,68061
-1,68049
-1,68038
-1,68027
-1,68016
-1,68005
-1,67994
-1,67983
-1,67971
-1,6796
-1,67949
-1,67938
-1,67927
-1,67916
-1,67905
-1,67893
-1,67882
-1,67871
-1,6786
-1,67849
-1,67838
-1,67827
-1,67815
-1,67804
-1,67793
-1,67782
-1,67771
-1,6776
-1,67749
-1,67737
-1,67726
-1,67715
-1,67704
-1,67693
-1,67682
-1,67671
-1,67659
-1,67648
-1,67637
-1,67626
-1,67615
-1,67604
-1,67593
-1,67581
-1,6757
-1,67559
-1,67548
-1,67537
-1,67526
-1,67515
-1,67503
-1,67492
-1,67481
-1,6747
-1,67459
-1,67448
-1,67436
-1,67425
-1,67414
-1,67403
-1,67392
-1,67381
-1,6737
-1,67358
-1,67347
-1,67336
-1,67325
-1,67314
-1,67303
-1,67292
-1,6728
-1,67269
-1,67258
-1,67247
-1,67236
-1,67225
-1,67213
-1,67202
-1,67191
-1,6718
-1,67169
-1,67158
-1,67147
-1,67135
-1,67124
-1,67113
-1,67102
-1,67091
-1,6708
-1,67068
-1,67057
-1,67046
-1,67035
-1,67024
-1,67013
-1,67002
-1,6699
-1,66979
-1,66968
-1,66957
-1,66946
-1,66935
-1,66923
-1,66912
-1,66901
-1,6689
-1,66879
-1,66868
-1,66856
-1,66845
-1,66834
-1,66823
-1,66812
-1,66801
-1,6679
-1,66778
-1,66767
-1,66756
-1,66745
-1,66734
-1,66723
-1,66711
-1,667
-1,66689
-1,66678
-1,66667
-1,66656
-1,66644
-1,66633
-1,66622
-1,66611
-1,666
-1,66589
-1,66577
-1,66566
-1,66555
-1,66544
-1,66533
-1,66522
-1,6651
-1,66499
-1,66488
-1,66477
-1,66466
-1,66455
-1,66443
-1,66432
-1,66421
-1,6641
-1,66399
-1,66388
-1,66376
-1,66365
-1,66354
-1,66343
-1,66332
-1,66321
-1,66309
-1,66298
-1,66287
-1,66276
-1,66265
-1,66254
-1,66242
-1,66231
-1,6622
-1,66209
-1,66198
-1,66187
-1,66175
-1,66164
-1,66153
-1,66142
-1,66131
-1,6612
-1,66108
-1,66097
-1,66086
-1,66075
-1,66064
-1,66053
-1,66041
-1,6603
-1,66019
-1,66008
-1,65997
-1,65986
-1,65974
-1,65963
-1,65952
-1,65941
-1,6593
-1,65918
-1,65907
-1,65896
-1,65885
-1,65874
-1,65863
-1,65851
-1,6584
-1,65829
-1,65818
-1,65807
-1,65796
-1,65784
-1,65773
-1,65762
-1,65751
-1,6574
-1,65729
-1,65717
-1,65706
-1,65695
-1,65684
-1,65673
-1,65661
-1,6565
-1,65639
-1,65628
-1,65617
-1,65606
-1,65594
-1,65583
-1,65572
-1,65561
-1,6555
-1,65538
-1,65527
-1,65516
-1,65505
-1,65494
-1,65483
-1,65471
-1,6546
-1,65449
-1,65438
-1,65427
-1,65415
-1,65404
-1,65393
-1,65382
-1,65371
-1,6536
-1,65348
-1,65337
-1,65326
-1,65315
-1,65304
-1,65292
-1,65281
-1,6527
-1,65259
-1,65248
-1,65237
-1,65225
-1,65214
-1,65203
-1,65192
-1,65181
-1,65169
-1,65158
-1,65147
-1,65136
-1,65125
-1,65113
-1,65102
-1,65091
-1,6508
-1,65069
-1,65058
-1,65046
-1,65035
-1,65024
-1,65013
-1,65002
-1,6499
-1,64979
-1,64968
-1,64957
-1,64946
-1,64934
-1,64923
-1,64912
-1,64901
-1,6489
-1,64879
-1,64867
-1,64856
-1,64845
-1,64834
-1,64823
-1,64811
-1,648
-1,64789
-1,64778
-1,64767
-1,64755
-1,64744
-1,64733
-1,64722
-1,64711
-1,64699
-1,64688
-1,64677
-1,64666
-1,64655
-1,64643
-1,64632
-1,64621
-1,6461
-1,64599
-1,64587
-1,64576
-1,64565
-1,64554
-1,64543
-1,64532
-1,6452
-1,64509
-1,64498
-1,64487
-1,64476
-1,64464
-1,64453
-1,64442
-1,64431
-1,6442
-1,64408
-1,64397
-1,64386
-1,64375
-1,64364
-1,64352
-1,64341
-1,6433
-1,64319
-1,64308
-1,64296
-1,64285
-1,64274
-1,64263
-1,64252
-1,6424
-1,64229
-1,64218
-1,64207
-1,64196
-1,64184
-1,64173
-1,64162
-1,64151
-1,6414
-1,64128
-1,64117
-1,64106
-1,64095
-1,64084
-1,64072
-1,64061
-1,6405
-1,64039
-1,64027
-1,64016
-1,64005
-1,63994
-1,63983
-1,63971
-1,6396
-1,63949
-1,63938
-1,63927
-1,63915
-1,63904
-1,63893
-1,63882
-1,63871
-1,63859
-1,63848
-1,63837
-1,63826
-1,63815
-1,63803
-1,63792
-1,63781
-1,6377
-1,63759
-1,63747
-1,63736
-1,63725
-1,63714
-1,63702
-1,63691
-1,6368
-1,63669
-1,63658
-1,63646
-1,63635
-1,63624
-1,63613
-1,63602
-1,6359
-1,63579
-1,63568
-1,63557
-1,63546
-1,63534
-1,63523
-1,63512
-1,63501
-1,63489
-1,63478
-1,63467
-1,63456
-1,63445
-1,63433
-1,63422
-1,63411
-1,634
-1,63389
-1,63377
-1,63366
-1,63355
-1,63344
-1,63332
-1,63321
-1,6331
-1,63299
-1,63288
-1,63276
-1,63265
-1,63254
-1,63243
-1,63231
-1,6322
-1,63209
-1,63198
-1,63187
-1,63175
-1,63164
-1,63153
-1,63142
-1,63131
-1,63119
-1,63108
-1,63097
-1,63086
-1,63074
-1,63063
-1,63052
-1,63041
-1,6303
-1,63018
-1,63007
-1,62996
-1,62985
-1,62973
-1,62962
-1,62951
-1,6294
-1,62929
-1,62917
-1,62906
-1,62895
-1,62884
-1,62872
-1,62861
-1,6285
-1,62839
-1,62828
-1,62816
-1,62805
-1,62794
-1,62783
-1,62771
-1,6276
-1,62749
-1,62738
-1,62727
-1,62715
-1,62704
-1,62693
-1,62682
-1,6267
-1,62659
-1,62648
-1,62637
-1,62625
-1,62614
-1,62603
-1,62592
-1,62581
-1,62569
-1,62558
-1,62547
-1,62536
-1,62524
-1,62513
-1,62502
-1,62491
-1,6248
-1,62468
-1,62457
-1,62446
-1,62435
-1,62423
-1,62412
-1,62401
-1,6239
-1,62378
-1,62367
-1,62356
-1,62345
-1,62334
-1,62322
-1,62311
-1,623
-1,62289
-1,62277
-1,62266
-1,62255
-1,62244
-1,62232
-1,62221
-1,6221
-1,62199
-1,62187
-1,62176
-1,62165
-1,62154
-1,62143
-1,62131
-1,6212
-1,62109
-1,62098
-1,62086
-1,62075
-1,62064
-1,62053
-1,62041
-1,6203
-1,62019
-1,62008
-1,61996
-1,61985
-1,61974
-1,61963
-1,61952
-1,6194
-1,61929
-1,61918
-1,61907
-1,61895
-1,61884
-1,61873
-1,61862
-1,6185
-1,61839
-1,61828
-1,61817
-1,61805
-1,61794
-1,61783
-1,61772
-1,6176
-1,61749
-1,61738
-1,61727
-1,61715
-1,61704
-1,61693
-1,61682
-1,6167
-1,61659
-1,61648
-1,61637
-1,61626
-1,61614
-1,61603
-1,61592
-1,61581
-1,61569
-1,61558
-1,61547
-1,61536
-1,61524
-1,61513
-1,61502
-1,61491
-1,61479
-1,61468
-1,61457
-1,61446
-1,61434
-1,61423
-1,61412
-1,61401
-1,61389
-1,61378
-1,61367
-1,61356
-1,61344
-1,61333
-1,61322
-1,61311
-1,61299
-1,61288
-1,61277
-1,61266
-1,61254
-1,61243
-1,61232
-1,61221
-1,61209
-1,61198
-1,61187
-1,61176
-1,61164
-1,61153
-1,61142
-1,61131
-1,61119
-1,61108
-1,61097
-1,61086
-1,61074
-1,61063
-1,61052
-1,61041
-1,61029
-1,61018
-1,61007
-1,60996
-1,60984
-1,60973
-1,60962
-1,60951
-1,60939
-1,60928
-1,60917
-1,60906
-1,60894
-1,60883
-1,60872
-1,60861
-1,60849
-1,60838
-1,60827
-1,60816
-1,60804
-1,60793
-1,60782
-1,60771
-1,60759
-1,60748
-1,60737
-1,60725
-1,60714
-1,60703
-1,60692
-1,6068
-1,60669
-1,60658
-1,60647
-1,60635
-1,60624
-1,60613
-1,60602
-1,6059
-1,60579
-1,60568
-1,60557
-1,60545
-1,60534
-1,60523
-1,60512
-1,605
-1,60489
-1,60478
-1,60467
-1,60455
-1,60444
-1,60433
-1,60421
-1,6041
-1,60399
-1,60388
-1,60376
-1,60365
-1,60354
-1,60343
-1,60331
-1,6032
-1,60309
-1,60298
-1,60286
-1,60275
-1,60264
-1,60253
-1,60241
-1,6023
-1,60219
-1,60207
-1,60196
-1,60185
-1,60174
-1,60162
-1,60151
-1,6014
-1,60129
-1,60117
-1,60106
-1,60095
-1,60084
-1,60072
-1,60061
-1,6005
-1,60038
-1,60027
-1,60016
-1,60005
-1,59993
-1,59982
-1,59971
-1,5996
-1,59948
-1,59937
-1,59926
-1,59914
-1,59903
-1,59892
-1,59881
-1,59869
-1,59858
-1,59847
-1,59836
-1,59824
-1,59813
-1,59802
-1,5979
-1,59779
-1,59768
-1,59757
-1,59745
-1,59734
-1,59723
-1,59712
-1,597
-1,59689
-1,59678
-1,59666
-1,59655
-1,59644
-1,59633
-1,59621
-1,5961
-1,59599
-1,59588
-1,59576
-1,59565
-1,59554
-1,59542
-1,59531
-1,5952
-1,59509
-1,59497
-1,59486
-1,59475
-1,59464
-1,59452
-1,59441
-1,5943
-1,59418
-1,59407
-1,59396
-1,59385
-1,59373
-1,59362
-1,59351
-1,59339
-1,59328
-1,59317
-1,59306
-1,59294
-1,59283
-1,59272
-1,5926
-1,59249
-1,59238
-1,59227
-1,59215
-1,59204
-1,59193
-1,59182
-1,5917
-1,59159
-1,59148
-1,59136
-1,59125
-1,59114
-1,59103
-1,59091
-1,5908
-1,59069
-1,59057
-1,59046
-1,59035
-1,59024
-1,59012
-1,59001
-1,5899
-1,58978
-1,58967
-1,58956
-1,58945
-1,58933
-1,58922
-1,58911
-1,58899
-1,58888
-1,58877
-1,58866
-1,58854
-1,58843
-1,58832
-1,5882
-1,58809
-1,58798
-1,58787
-1,58775
-1,58764
-1,58753
-1,58741
-1,5873
-1,58719
-1,58708
-1,58696
-1,58685
-1,58674
-1,58662
-1,58651
-1,5864
-1,58628
-1,58617
-1,58606
-1,58595
-1,58583
-1,58572
-1,58561
-1,58549
-1,58538
-1,58527
-1,58516
-1,58504
-1,58493
-1,58482
-1,5847
-1,58459
-1,58448
-1,58437
-1,58425
-1,58414
-1,58403
-1,58391
-1,5838
-1,58369
-1,58357
-1,58346
-1,58335
-1,58324
-1,58312
-1,58301
-1,5829
-1,58278
-1,58267
-1,58256
-1,58244
-1,58233
-1,58222
-1,58211
-1,58199
-1,58188
-1,58177
-1,58165
-1,58154
-1,58143
-1,58132
-1,5812
-1,58109
-1,58098
-1,58086
-1,58075
-1,58064
-1,58052
-1,58041
-1,5803
-1,58019
-1,58007
-1,57996
-1,57985
-1,57973
-1,57962
-1,57951
-1,57939
-1,57928
-1,57917
-1,57906
-1,57894
-1,57883
-1,57872
-1,5786
-1,57849
-1,57838
-1,57826
-1,57815
-1,57804
-1,57792
-1,57781
-1,5777
-1,57759
-1,57747
-1,57736
-1,57725
-1,57713
-1,57702
-1,57691
-1,57679
-1,57668
-1,57657
-1,57646
-1,57634
-1,57623
-1,57612
-1,576
-1,57589
-1,57578
-1,57566
-1,57555
-1,57544
-1,57532
-1,57521
-1,5751
-1,57499
-1,57487
-1,57476
-1,57465
-1,57453
-1,57442
-1,57431
-1,57419
-1,57408
-1,57397
-1,57385
-1,57374
-1,57363
-1,57351
-1,5734
-1,57329
-1,57318
-1,57306
-1,57295
-1,57284
-1,57272
-1,57261
-1,5725
-1,57238
-1,57227
-1,57216
-1,57204
-1,57193
-1,57182
-1,57171
-1,57159
-1,57148
-1,57137
-1,57125
-1,57114
-1,57103
-1,57091
-1,5708
-1,57069
-1,57057
-1,57046
-1,57035
-1,57023
-1,57012
-1,57001
-1,56989
-1,56978
-1,56967
-1,56956
-1,56944
-1,56933
-1,56922
-1,5691
-1,56899
-1,56888
-1,56876
-1,56865
-1,56854
-1,56842
-1,56831
-1,5682
-1,56808
-1,56797
-1,56786
-1,56774
-1,56763
-1,56752
-1,5674
-1,56729
-1,56718
-1,56707
-1,56695
-1,56684
-1,56673
-1,56661
-1,5665
-1,56639
-1,56627
-1,56616
-1,56605
-1,56593
-1,56582
-1,56571
-1,56559
-1,56548
-1,56537
-1,56525
-1,56514
-1,56503
-1,56491
-1,5648
-1,56469
-1,56457
-1,56446
-1,56435
-1,56423
-1,56412
-1,56401
-1,56389
-1,56378
-1,56367
-1,56355
-1,56344
-1,56333
-1,56322
-1,5631
-1,56299
-1,56288
-1,56276
-1,56265
-1,56254
-1,56242
-1,56231
-1,5622
-1,56208
-1,56197
-1,56186
-1,56174
-1,56163
-1,56152
-1,5614
-1,56129
-1,56118
-1,56106
-1,56095
-1,56084
-1,56072
-1,56061
-1,5605
-1,56038
-1,56027
-1,56016
-1,56004
-1,55993
-1,55982
-1,5597
-1,55959
-1,55948
-1,55936
-1,55925
-1,55914
-1,55902
-1,55891
-1,5588
-1,55868
-1,55857
-1,55846
-1,55834
-1,55823
-1,55812
-1,558
-1,55789
-1,55778
-1,55766
-1,55755
-1,55744
-1,55732
-1,55721
-1,5571
-1,55698
-1,55687
-1,55676
-1,55664
-1,55653
-1,55642
-1,5563
-1,55619
-1,55608
-1,55596
-1,55585
-1,55574
-1,55562
-1,55551
-1,5554
-1,55528
-1,55517
-1,55506
-1,55494
-1,55483
-1,55472
-1,5546
-1,55449
-1,55437
-1,55426
-1,55415
-1,55403
-1,55392
-1,55381
-1,55369
-1,55358
-1,55347
-1,55335
-1,55324
-1,55313
-1,55301
-1,5529
-1,55279
-1,55267
-1,55256
-1,55245
-1,55233
-1,55222
-1,55211
-1,55199
-1,55188
-1,55177
-1,55165
-1,55154
-1,55143
-1,55131
-1,5512
-1,55109
-1,55097
-1,55086
-1,55075
-1,55063
-1,55052
-1,5504
-1,55029
-1,55018
-1,55006
-1,54995
-1,54984
-1,54972
-1,54961
-1,5495
-1,54938
-1,54927
-1,54916
-1,54904
-1,54893
-1,54882
-1,5487
-1,54859
-1,54848
-1,54836
-1,54825
-1,54814
-1,54802
-1,54791
-1,54779
-1,54768
-1,54757
-1,54745
-1,54734
-1,54723
-1,54711
-1,547
-1,54689
-1,54677
-1,54666
-1,54655
-1,54643
-1,54632
-1,54621
-1,54609
-1,54598
-1,54586
-1,54575
-1,54564
-1,54552
-1,54541
-1,5453
-1,54518
-1,54507
-1,54496
-1,54484
-1,54473
-1,54462
-1,5445
-1,54439
-1,54428
-1,54416
-1,54405
-1,54393
-1,54382
-1,54371
-1,54359
-1,54348
-1,54337
-1,54325
-1,54314
-1,54303
-1,54291
-1,5428
-1,54269
-1,54257
-1,54246
-1,54234
-1,54223
-1,54212
-1,542
-1,54189
-1,54178
-1,54166
-1,54155
-1,54144
-1,54132
-1,54121
-1,5411
-1,54098
-1,54087
-1,54075
-1,54064
-1,54053
-1,54041
-1,5403
-1,54019
-1,54007
-1,53996
-1,53985
-1,53973
-1,53962
-1,5395
-1,53939
-1,53928
-1,53916
-1,53905
-1,53894
-1,53882
-1,53871
-1,5386
-1,53848
-1,53837
-1,53825
-1,53814
-1,53803
-1,53791
-1,5378
-1,53769
-1,53757
-1,53746
-1,53735
-1,53723
-1,53712
-1,537
-1,53689
-1,53678
-1,53666
-1,53655
-1,53644
-1,53632
-1,53621
-1,53609
-1,53598
-1,53587
-1,53575
-1,53564
-1,53553
-1,53541
-1,5353
-1,53519
-1,53507
-1,53496
-1,53484
-1,53473
-1,53462
-1,5345
-1,53439
-1,53428
-1,53416
-1,53405
-1,53393
-1,53382
-1,53371
-1,53359
-1,53348
-1,53337
-1,53325
-1,53314
-1,53302
-1,53291
-1,5328
-1,53268
-1,53257
-1,53246
-1,53234
-1,53223
-1,53211
-1,532
-1,53189
-1,53177
-1,53166
-1,53155
-1,53143
-1,53132
-1,5312
-1,53109
-1,53098
-1,53086
-1,53075
-1,53064
-1,53052
-1,53041
-1,53029
-1,53018
-1,53007
-1,52995
-1,52984
-1,52973
-1,52961
-1,5295
-1,52938
-1,52927
-1,52916
-1,52904
-1,52893
-1,52882
-1,5287
-1,52859
-1,52847
-1,52836
-1,52825
-1,52813
-1,52802
-1,52791
-1,52779
-1,52768
-1,52756
-1,52745
-1,52734
-1,52722
-1,52711
-1,52699
-1,52688
-1,52677
-1,52665
-1,52654
-1,52643
-1,52631
-1,5262
-1,52608
-1,52597
-1,52586
-1,52574
-1,52563
-1,52551
-1,5254
-1,52529
-1,52517
-1,52506
-1,52495
-1,52483
-1,52472
-1,5246
-1,52449
-1,52438
-1,52426
-1,52415
-1,52403
-1,52392
-1,52381
-1,52369
-1,52358
-1,52347
-1,52335
-1,52324
-1,52312
-1,52301
-1,5229
-1,52278
-1,52267
-1,52255
-1,52244
-1,52233
-1,52221
-1,5221
-1,52199
-1,52187
-1,52176
-1,52164
-1,52153
-1,52142
-1,5213
-1,52119
-1,52107
-1,52096
-1,52085
-1,52073
-1,52062
-1,5205
-1,52039
-1,52028
-1,52016
-1,52005
-1,51993
-1,51982
-1,51971
-1,51959
-1,51948
-1,51937
-1,51925
-1,51914
-1,51902
-1,51891
-1,5188
-1,51868
-1,51857
-1,51845
-1,51834
-1,51823
-1,51811
-1,518
-1,51788
-1,51777
-1,51766
-1,51754
-1,51743
-1,51731
-1,5172
-1,51709
-1,51697
-1,51686
-1,51674
-1,51663
-1,51652
-1,5164
-1,51629
-1,51617
-1,51606
-1,51595
-1,51583
-1,51572
-1,5156
-1,51549
-1,51538
-1,51526
-1,51515
-1,51503
-1,51492
-1,51481
-1,51469
-1,51458
-1,51446
-1,51435
-1,51424
-1,51412
-1,51401
-1,51389
-1,51378
-1,51367
-1,51355
-1,51344
-1,51332
-1,51321
-1,5131
-1,51298
-1,51287
-1,51275
-1,51264
-1,51253
-1,51241
-1,5123
-1,51218
-1,51207
-1,51196
-1,51184
-1,51173
-1,51161
-1,5115
-1,51139
-1,51127
-1,51116
-1,51104
-1,51093
-1,51082
-1,5107
-1,51059
-1,51047
-1,51036
-1,51024
-1,51013
-1,51002
-1,5099
-1,50979
-1,50967
-1,50956
-1,50945
-1,50933
-1,50922
-1,5091
-1,50899
-1,50888
-1,50876
-1,50865
-1,50853
-1,50842
-1,50831
-1,50819
-1,50808
-1,50796
-1,50785
-1,50774
-1,50762
-1,50751
-1,50739
-1,50728
-1,50716
-1,50705
-1,50694
-1,50682
-1,50671
-1,50659
-1,50648
-1,50637
-1,50625
-1,50614
-1,50602
-1,50591
-1,50579
-1,50568
-1,50557
-1,50545
-1,50534
-1,50522
-1,50511
-1,505
-1,50488
-1,50477
-1,50465
-1,50454
-1,50443
-1,50431
-1,5042
-1,50408
-1,50397
-1,50385
-1,50374
-1,50363
-1,50351
-1,5034
-1,50328
-1,50317
-1,50306
-1,50294
-1,50283
-1,50271
-1,5026
-1,50248
-1,50237
-1,50226
-1,50214
-1,50203
-1,50191
-1,5018
-1,50168
-1,50157
-1,50146
-1,50134
-1,50123
-1,50111
-1,501
-1,50089
-1,50077
-1,50066
-1,50054
-1,50043
-1,50031
-1,5002
-1,50009
-1,49997
-1,49986
-1,49974
-1,49963
-1,49951
-1,4994
-1,49929
-1,49917
-1,49906
-1,49894
-1,49883
-1,49872
-1,4986
-1,49849
-1,49837
-1,49826
-1,49814
-1,49803
-1,49792
-1,4978
-1,49769
-1,49757
-1,49746
-1,49734
-1,49723
-1,49712
-1,497
-1,49689
-1,49677
-1,49666
-1,49654
-1,49643
-1,49632
-1,4962
-1,49609
-1,49597
-1,49586
-1,49574
-1,49563
-1,49552
-1,4954
-1,49529
-1,49517
-1,49506
-1,49494
-1,49483
-1,49472
-1,4946
-1,49449
-1,49437
-1,49426
-1,49414
-1,49403
-1,49392
-1,4938
-1,49369
-1,49357
-1,49346
-1,49334
-1,49323
-1,49312
-1,493
-1,49289
-1,49277
-1,49266
-1,49254
-1,49243
-1,49232
-1,4922
-1,49209
-1,49197
-1,49186
-1,49174
-1,49163
-1,49151
-1,4914
-1,49129
-1,49117
-1,49106
-1,49094
-1,49083
-1,49071
-1,4906
-1,49049
-1,49037
-1,49026
-1,49014
-1,49003
-1,48991
-1,4898
-1,48968
-1,48957
-1,48946
-1,48934
-1,48923
-1,48911
-1,489
-1,48888
-1,48877
-1,48866
-1,48854
-1,48843
-1,48831
-1,4882
-1,48808
-1,48797
-1,48785
-1,48774
-1,48763
-1,48751
-1,4874
-1,48728
-1,48717
-1,48705
-1,48694
-1,48683
-1,48671
-1,4866
-1,48648
-1,48637
-1,48625
-1,48614
-1,48602
-1,48591
-1,4858
-1,48568
-1,48557
-1,48545
-1,48534
-1,48522
-1,48511
-1,48499
-1,48488
-1,48477
-1,48465
-1,48454
-1,48442
-1,48431
-1,48419
-1,48408
-1,48396
-1,48385
-1,48374
-1,48362
-1,48351
-1,48339
-1,48328
-1,48316
-1,48305
-1,48293
-1,48282
-1,48271
-1,48259
-1,48248
-1,48236
-1,48225
-1,48213
-1,48202
-1,4819
-1,48179
-1,48167
-1,48156
-1,48145
-1,48133
-1,48122
-1,4811
-1,48099
-1,48087
-1,48076
-1,48064
-1,48053
-1,48042
-1,4803
-1,48019
-1,48007
-1,47996
-1,47984
-1,47973
-1,47961
-1,4795
-1,47938
-1,47927
-1,47916
-1,47904
-1,47893
-1,47881
-1,4787
-1,47858
-1,47847
-1,47835
-1,47824
-1,47812
-1,47801
-1,4779
-1,47778
-1,47767
-1,47755
-1,47744
-1,47732
-1,47721
-1,47709
-1,47698
-1,47686
-1,47675
-1,47664
-1,47652
-1,47641
-1,47629
-1,47618
-1,47606
-1,47595
-1,47583
-1,47572
-1,4756
-1,47549
-1,47538
-1,47526
-1,47515
-1,47503
-1,47492
-1,4748
-1,47469
-1,47457
-1,47446
-1,47434
-1,47423
-1,47411
-1,474
-1,47389
-1,47377
-1,47366
-1,47354
-1,47343
-1,47331
-1,4732
-1,47308
-1,47297
-1,47285
-1,47274
-1,47262
-1,47251
-1,4724
-1,47228
-1,47217
-1,47205
-1,47194
-1,47182
-1,47171
-1,47159
-1,47148
-1,47136
-1,47125
-1,47113
-1,47102
-1,47091
-1,47079
-1,47068
-1,47056
-1,47045
-1,47033
-1,47022
-1,4701
-1,46999
-1,46987
-1,46976
-1,46964
-1,46953
-1,46941
-1,4693
-1,46919
-1,46907
-1,46896
-1,46884
-1,46873
-1,46861
-1,4685
-1,46838
-1,46827
-1,46815
-1,46804
-1,46792
-1,46781
-1,46769
-1,46758
-1,46746
-1,46735
-1,46724
-1,46712
-1,46701
-1,46689
-1,46678
-1,46666
-1,46655
-1,46643
-1,46632
-1,4662
-1,46609
-1,46597
-1,46586
-1,46574
-1,46563
-1,46551
-1,4654
-1,46529
-1,46517
-1,46506
-1,46494
-1,46483
-1,46471
-1,4646
-1,46448
-1,46437
-1,46425
-1,46414
-1,46402
-1,46391
-1,46379
-1,46368
-1,46356
-1,46345
-1,46333
-1,46322
-1,46311
-1,46299
-1,46288
-1,46276
-1,46265
-1,46253
-1,46242
-1,4623
-1,46219
-1,46207
-1,46196
-1,46184
-1,46173
-1,46161
-1,4615
-1,46138
-1,46127
-1,46115
-1,46104
-1,46092
-1,46081
-1,46069
-1,46058
-1,46047
-1,46035
-1,46024
-1,46012
-1,46001
-1,45989
-1,45978
-1,45966
-1,45955
-1,45943
-1,45932
-1,4592
-1,45909
-1,45897
-1,45886
-1,45874
-1,45863
-1,45851
-1,4584
-1,45828
-1,45817
-1,45805
-1,45794
-1,45782
-1,45771
-1,45759
-1,45748
-1,45736
-1,45725
-1,45714
-1,45702
-1,45691
-1,45679
-1,45668
-1,45656
-1,45645
-1,45633
-1,45622
-1,4561
-1,45599
-1,45587
-1,45576
-1,45564
-1,45553
-1,45541
-1,4553
-1,45518
-1,45507
-1,45495
-1,45484
-1,45472
-1,45461
-1,45449
-1,45438
-1,45426
-1,45415
-1,45403
-1,45392
-1,4538
-1,45369
-1,45357
-1,45346
-1,45334
-1,45323
-1,45311
-1,453
-1,45288
-1,45277
-1,45265
-1,45254
-1,45243
-1,45231
-1,4522
-1,45208
-1,45197
-1,45185
-1,45174
-1,45162
-1,45151
-1,45139
-1,45128
-1,45116
-1,45105
-1,45093
-1,45082
-1,4507
-1,45059
-1,45047
-1,45036
-1,45024
-1,45013
-1,45001
-1,4499
-1,44978
-1,44967
-1,44955
-1,44944
-1,44932
-1,44921
-1,44909
-1,44898
-1,44886
-1,44875
-1,44863
-1,44852
-1,4484
-1,44829
-1,44817
-1,44806
-1,44794
-1,44783
-1,44771
-1,4476
-1,44748
-1,44737
-1,44725
-1,44714
-1,44702
-1,44691
-1,44679
-1,44668
-1,44656
-1,44645
-1,44633
-1,44622
-1,4461
-1,44599
-1,44587
-1,44576
-1,44564
-1,44553
-1,44541
-1,4453
-1,44518
-1,44507
-1,44495
-1,44484
-1,44472
-1,44461
-1,44449
-1,44438
-1,44426
-1,44415
-1,44403
-1,44392
-1,4438
-1,44369
-1,44357
-1,44346
-1,44334
-1,44323
-1,44311
-1,443
-1,44288
-1,44277
-1,44265
-1,44254
-1,44242
-1,44231
-1,44219
-1,44208
-1,44196
-1,44185
-1,44173
-1,44162
-1,4415
-1,44139
-1,44127
-1,44116
-1,44104
-1,44093
-1,44081
-1,4407
-1,44058
-1,44047
-1,44035
-1,44023
-1,44012
-1,44
-1,43989
-1,43977
-1,43966
-1,43954
-1,43943
-1,43931
-1,4392
-1,43908
-1,43897
-1,43885
-1,43874
-1,43862
-1,43851
-1,43839
-1,43828
-1,43816
-1,43805
-1,43793
-1,43782
-1,4377
-1,43759
-1,43747
-1,43736
-1,43724
-1,43713
-1,43701
-1,4369
-1,43678
-1,43667
-1,43655
-1,43644
-1,43632
-1,43621
-1,43609
-1,43598
-1,43586
-1,43575
-1,43563
-1,43551
-1,4354
-1,43528
-1,43517
-1,43505
-1,43494
-1,43482
-1,43471
-1,43459
-1,43448
-1,43436
-1,43425
-1,43413
-1,43402
-1,4339
-1,43379
-1,43367
-1,43356
-1,43344
-1,43333
-1,43321
-1,4331
-1,43298
-1,43287
-1,43275
-1,43264
-1,43252
-1,43241
-1,43229
-1,43217
-1,43206
-1,43194
-1,43183
-1,43171
-1,4316
-1,43148
-1,43137
-1,43125
-1,43114
-1,43102
-1,43091
-1,43079
-1,43068
-1,43056
-1,43045
-1,43033
-1,43022
-1,4301
-1,42999
-1,42987
-1,42976
-1,42964
-1,42952
-1,42941
-1,42929
-1,42918
-1,42906
-1,42895
-1,42883
-1,42872
-1,4286
-1,42849
-1,42837
-1,42826
-1,42814
-1,42803
-1,42791
-1,4278
-1,42768
-1,42757
-1,42745
-1,42733
-1,42722
-1,4271
-1,42699
-1,42687
-1,42676
-1,42664
-1,42653
-1,42641
-1,4263
-1,42618
-1,42607
-1,42595
-1,42584
-1,42572
-1,42561
-1,42549
-1,42537
-1,42526
-1,42514
-1,42503
-1,42491
-1,4248
-1,42468
-1,42457
-1,42445
-1,42434
-1,42422
-1,42411
-1,42399
-1,42388
-1,42376
-1,42365
-1,42353
-1,42341
-1,4233
-1,42318
-1,42307
-1,42295
-1,42284
-1,42272
-1,42261
-1,42249
-1,42238
-1,42226
-1,42215
-1,42203
-1,42192
-1,4218
-1,42168
-1,42157
-1,42145
-1,42134
-1,42122
-1,42111
-1,42099
-1,42088
-1,42076
-1,42065
-1,42053
-1,42042
-1,4203
-1,42018
-1,42007
-1,41995
-1,41984
-1,41972
-1,41961
-1,41949
-1,41938
-1,41926
-1,41915
-1,41903
-1,41892
-1,4188
-1,41868
-1,41857
-1,41845
-1,41834
-1,41822
-1,41811
-1,41799
-1,41788
-1,41776
-1,41765
-1,41753
-1,41742
-1,4173
-1,41718
-1,41707
-1,41695
-1,41684
-1,41672
-1,41661
-1,41649
-1,41638
-1,41626
-1,41615
-1,41603
-1,41591
-1,4158
-1,41568
-1,41557
-1,41545
-1,41534
-1,41522
-1,41511
-1,41499
-1,41488
-1,41476
-1,41465
-1,41453
-1,41441
-1,4143
-1,41418
-1,41407
-1,41395
-1,41384
-1,41372
-1,41361
-1,41349
-1,41338
-1,41326
-1,41314
-1,41303
-1,41291
-1,4128
-1,41268
-1,41257
-1,41245
-1,41234
-1,41222
-1,4121
-1,41199
-1,41187
-1,41176
-1,41164
-1,41153
-1,41141
-1,4113
-1,41118
-1,41107
-1,41095
-1,41083
-1,41072
-1,4106
-1,41049
-1,41037
-1,41026
-1,41014
-1,41003
-1,40991
-1,40979
-1,40968
-1,40956
-1,40945
-1,40933
-1,40922
-1,4091
-1,40899
-1,40887
-1,40876
-1,40864
-1,40852
-1,40841
-1,40829
-1,40818
-1,40806
-1,40795
-1,40783
-1,40772
-1,4076
-1,40748
-1,40737
-1,40725
-1,40714
-1,40702
-1,40691
-1,40679
-1,40668
-1,40656
-1,40644
-1,40633
-1,40621
-1,4061
-1,40598
-1,40587
-1,40575
-1,40564
-1,40552
-1,4054
-1,40529
-1,40517
-1,40506
-1,40494
-1,40483
-1,40471
-1,4046
-1,40448
-1,40436
-1,40425
-1,40413
-1,40402
-1,4039
-1,40379
-1,40367
-1,40355
-1,40344
-1,40332
-1,40321
-1,40309
-1,40298
-1,40286
-1,40275
-1,40263
-1,40251
-1,4024
-1,40228
-1,40217
-1,40205
-1,40194
-1,40182
-1,4017
-1,40159
-1,40147
-1,40136
-1,40124
-1,40113
-1,40101
-1,4009
-1,40078
-1,40066
-1,40055
-1,40043
-1,40032
-1,4002
-1,40009
-1,39997
-1,39985
-1,39974
-1,39962
-1,39951
-1,39939
-1,39928
-1,39916
-1,39904
-1,39893
-1,39881
-1,3987
-1,39858
-1,39847
-1,39835
-1,39824
-1,39812
-1,398
-1,39789
-1,39777
-1,39766
-1,39754
-1,39743
-1,39731
-1,39719
-1,39708
-1,39696
-1,39685
-1,39673
-1,39662
-1,3965
-1,39638
-1,39627
-1,39615
-1,39604
-1,39592
-1,39581
-1,39569
-1,39557
-1,39546
-1,39534
-1,39523
-1,39511
-1,395
-1,39488
-1,39476
-1,39465
-1,39453
-1,39442
-1,3943
-1,39419
-1,39407
-1,39395
-1,39384
-1,39372
-1,39361
-1,39349
-1,39338
-1,39326
-1,39314
-1,39303
-1,39291
-1,3928
-1,39268
-1,39257
-1,39245
-1,39233
-1,39222
-1,3921
-1,39199
-1,39187
-1,39175
-1,39164
-1,39152
-1,39141
-1,39129
-1,39118
-1,39106
-1,39094
-1,39083
-1,39071
-1,3906
-1,39048
-1,39037
-1,39025
-1,39013
-1,39002
-1,3899
-1,38979
-1,38967
-1,38956
-1,38944
-1,38932
-1,38921
-1,38909
-1,38898
-1,38886
-1,38874
-1,38863
-1,38851
-1,3884
-1,38828
-1,38817
-1,38805
-1,38793
-1,38782
-1,3877
-1,38759
-1,38747
-1,38735
-1,38724
-1,38712
-1,38701
-1,38689
-1,38678
-1,38666
-1,38654
-1,38643
-1,38631
-1,3862
-1,38608
-1,38596
-1,38585
-1,38573
-1,38562
-1,3855
-1,38539
-1,38527
-1,38515
-1,38504
-1,38492
-1,38481
-1,38469
-1,38457
-1,38446
-1,38434
-1,38423
-1,38411
-1,384
-1,38388
-1,38376
-1,38365
-1,38353
-1,38342
-1,3833
-1,38318
-1,38307
-1,38295
-1,38284
-1,38272
-1,3826
-1,38249
-1,38237
-1,38226
-1,38214
-1,38202
-1,38191
-1,38179
-1,38168
-1,38156
-1,38145
-1,38133
-1,38121
-1,3811
-1,38098
-1,38087
-1,38075
-1,38063
-1,38052
-1,3804
-1,38029
-1,38017
-1,38005
-1,37994
-1,37982
-1,37971
-1,37959
-1,37947
-1,37936
-1,37924
-1,37913
-1,37901
-1,3789
-1,37878
-1,37866
-1,37855
-1,37843
-1,37832
-1,3782
-1,37808
-1,37797
-1,37785
-1,37774
-1,37762
-1,3775
-1,37739
-1,37727
-1,37716
-1,37704
-1,37692
-1,37681
-1,37669
-1,37658
-1,37646
-1,37634
-1,37623
-1,37611
-1,376
-1,37588
-1,37576
-1,37565
-1,37553
-1,37542
-1,3753
-1,37518
-1,37507
-1,37495
-1,37484
-1,37472
-1,3746
-1,37449
-1,37437
-1,37426
-1,37414
-1,37402
-1,37391
-1,37379
-1,37368
-1,37356
-1,37344
-1,37333
-1,37321
-1,3731
-1,37298
-1,37286
-1,37275
-1,37263
-1,37252
-1,3724
-1,37228
-1,37217
-1,37205
-1,37194
-1,37182
-1,3717
-1,37159
-1,37147
-1,37136
-1,37124
-1,37112
-1,37101
-1,37089
-1,37078
-1,37066
-1,37054
-1,37043
-1,37031
-1,3702
-1,37008
-1,36996
-1,36985
-1,36973
-1,36961
-1,3695
-1,36938
-1,36927
-1,36915
-1,36903
-1,36892
-1,3688
-1,36869
-1,36857
-1,36845
-1,36834
-1,36822
-1,36811
-1,36799
-1,36787
-1,36776
-1,36764
-1,36753
-1,36741
-1,36729
-1,36718
-1,36706
-1,36694
-1,36683
-1,36671
-1,3666
-1,36648
-1,36636
-1,36625
-1,36613
-1,36602
-1,3659
-1,36578
-1,36567
-1,36555
-1,36544
-1,36532
-1,3652
-1,36509
-1,36497
-1,36485
-1,36474
-1,36462
-1,36451
-1,36439
-1,36427
-1,36416
-1,36404
-1,36393
-1,36381
-1,36369
-1,36358
-1,36346
-1,36335
-1,36323
-1,36311
-1,363
-1,36288
-1,36276
-1,36265
-1,36253
-1,36242
-1,3623
-1,36218
-1,36207
-1,36195
-1,36183
-1,36172
-1,3616
-1,36149
-1,36137
-1,36125
-1,36114
-1,36102
-1,36091
-1,36079
-1,36067
-1,36056
-1,36044
-1,36032
-1,36021
-1,36009
-1,35998
-1,35986
-1,35974
-1,35963
-1,35951
-1,3594
-1,35928
-1,35916
-1,35905
-1,35893
-1,35881
-1,3587
-1,35858
-1,35847
-1,35835
-1,35823
-1,35812
-1,358
-1,35788
-1,35777
-1,35765
-1,35754
-1,35742
-1,3573
-1,35719
-1,35707
-1,35695
-1,35684
-1,35672
-1,35661
-1,35649
-1,35637
-1,35626
-1,35614
-1,35602
-1,35591
-1,35579
-1,35568
-1,35556
-1,35544
-1,35533
-1,35521
-1,35509
-1,35498
-1,35486
-1,35475
-1,35463
-1,35451
-1,3544
-1,35428
-1,35416
-1,35405
-1,35393
-1,35382
-1,3537
-1,35358
-1,35347
-1,35335
-1,35323
-1,35312
-1,353
-1,35289
-1,35277
-1,35265
-1,35254
-1,35242
-1,3523
-1,35219
-1,35207
-1,35195
-1,35184
-1,35172
-1,35161
-1,35149
-1,35137
-1,35126
-1,35114
-1,35102
-1,35091
-1,35079
-1,35068
-1,35056
-1,35044
-1,35033
-1,35021
-1,35009
-1,34998
-1,34986
-1,34974
-1,34963
-1,34951
-1,3494
-1,34928
-1,34916
-1,34905
-1,34893
-1,34881
-1,3487
-1,34858
-1,34847
-1,34835
-1,34823
-1,34812
-1,348
-1,34788
-1,34777
-1,34765
-1,34753
-1,34742
-1,3473
-1,34719
-1,34707
-1,34695
-1,34684
-1,34672
-1,3466
-1,34649
-1,34637
-1,34625
-1,34614
-1,34602
-1,34591
-1,34579
-1,34567
-1,34556
-1,34544
-1,34532
-1,34521
-1,34509
-1,34497
-1,34486
-1,34474
-1,34462
-1,34451
-1,34439
-1,34428
-1,34416
-1,34404
-1,34393
-1,34381
-1,34369
-1,34358
-1,34346
-1,34334
-1,34323
-1,34311
-1,34299
-1,34288
-1,34276
-1,34265
-1,34253
-1,34241
-1,3423
-1,34218
-1,34206
-1,34195
-1,34183
-1,34171
-1,3416
-1,34148
-1,34136
-1,34125
-1,34113
-1,34102
-1,3409
-1,34078
-1,34067
-1,34055
-1,34043
-1,34032
-1,3402
-1,34008
-1,33997
-1,33985
-1,33973
-1,33962
-1,3395
-1,33939
-1,33927
-1,33915
-1,33904
-1,33892
-1,3388
-1,33869
-1,33857
-1,33845
-1,33834
-1,33822
-1,3381
-1,33799
-1,33787
-1,33775
-1,33764
-1,33752
-1,3374
-1,33729
-1,33717
-1,33706
-1,33694
-1,33682
-1,33671
-1,33659
-1,33647
-1,33636
-1,33624
-1,33612
-1,33601
-1,33589
-1,33577
-1,33566
-1,33554
-1,33542
-1,33531
-1,33519
-1,33507
-1,33496
-1,33484
-1,33473
-1,33461
-1,33449
-1,33438
-1,33426
-1,33414
-1,33403
-1,33391
-1,33379
-1,33368
-1,33356
-1,33344
-1,33333
-1,33321
-1,33309
-1,33298
-1,33286
-1,33274
-1,33263
-1,33251
-1,33239
-1,33228
-1,33216
-1,33204
-1,33193
-1,33181
-1,33169
-1,33158
-1,33146
-1,33135
-1,33123
-1,33111
-1,331
-1,33088
-1,33076
-1,33065
-1,33053
-1,33041
-1,3303
-1,33018
-1,33006
-1,32995
-1,32983
-1,32971
-1,3296
-1,32948
-1,32936
-1,32925
-1,32913
-1,32901
-1,3289
-1,32878
-1,32866
-1,32855
-1,32843
-1,32831
-1,3282
-1,32808
-1,32796
-1,32785
-1,32773
-1,32761
-1,3275
-1,32738
-1,32726
-1,32715
-1,32703
-1,32691
-1,3268
-1,32668
-1,32656
-1,32645
-1,32633
-1,32621
-1,3261
-1,32598
-1,32586
-1,32575
-1,32563
-1,32551
-1,3254
-1,32528
-1,32516
-1,32505
-1,32493
-1,32481
-1,3247
-1,32458
-1,32446
-1,32435
-1,32423
-1,32411
-1,324
-1,32388
-1,32376
-1,32365
-1,32353
-1,32341
-1,3233
-1,32318
-1,32306
-1,32295
-1,32283
-1,32271
-1,3226
-1,32248
-1,32236
-1,32225
-1,32213
-1,32201
-1,3219
-1,32178
-1,32166
-1,32155
-1,32143
-1,32131
-1,3212
-1,32108
-1,32096
-1,32085
-1,32073
-1,32061
-1,3205
-1,32038
-1,32026
-1,32015
-1,32003
-1,31991
-1,3198
-1,31968
-1,31956
-1,31945
-1,31933
-1,31921
-1,3191
-1,31898
-1,31886
-1,31875
-1,31863
-1,31851
-1,3184
-1,31828
-1,31816
-1,31805
-1,31793
-1,31781
-1,3177
-1,31758
-1,31746
-1,31735
-1,31723
-1,31711
-1,317
-1,31688
-1,31676
-1,31664
-1,31653
-1,31641
-1,31629
-1,31618
-1,31606
-1,31594
-1,31583
-1,31571
-1,31559
-1,31548
-1,31536
-1,31524
-1,31513
-1,31501
-1,31489
-1,31478
-1,31466
-1,31454
-1,31443
-1,31431
-1,31419
-1,31408
-1,31396
-1,31384
-1,31373
-1,31361
-1,31349
-1,31337
-1,31326
-1,31314
-1,31302
-1,31291
-1,31279
-1,31267
-1,31256
-1,31244
-1,31232
-1,31221
-1,31209
-1,31197
-1,31186
-1,31174
-1,31162
-1,31151
-1,31139
-1,31127
-1,31116
-1,31104
-1,31092
-1,3108
-1,31069
-1,31057
-1,31045
-1,31034
-1,31022
-1,3101
-1,30999
-1,30987
-1,30975
-1,30964
-1,30952
-1,3094
-1,30929
-1,30917
-1,30905
-1,30893
-1,30882
-1,3087
-1,30858
-1,30847
-1,30835
-1,30823
-1,30812
-1,308
-1,30788
-1,30777
-1,30765
-1,30753
-1,30742
-1,3073
-1,30718
-1,30706
-1,30695
-1,30683
-1,30671
-1,3066
-1,30648
-1,30636
-1,30625
-1,30613
-1,30601
-1,3059
-1,30578
-1,30566
-1,30555
-1,30543
-1,30531
-1,30519
-1,30508
-1,30496
-1,30484
-1,30473
-1,30461
-1,30449
-1,30438
-1,30426
-1,30414
-1,30403
-1,30391
-1,30379
-1,30367
-1,30356
-1,30344
-1,30332
-1,30321
-1,30309
-1,30297
-1,30286
-1,30274
-1,30262
-1,30251
-1,30239
-1,30227
-1,30215
-1,30204
-1,30192
-1,3018
-1,30169
-1,30157
-1,30145
-1,30134
-1,30122
-1,3011
-1,30098
-1,30087
-1,30075
-1,30063
-1,30052
-1,3004
-1,30028
-1,30017
-1,30005
-1,29993
-1,29982
-1,2997
-1,29958
-1,29946
-1,29935
-1,29923
-1,29911
-1,299
-1,29888
-1,29876
-1,29865
-1,29853
-1,29841
-1,29829
-1,29818
-1,29806
-1,29794
-1,29783
-1,29771
-1,29759
-1,29748
-1,29736
-1,29724
-1,29712
-1,29701
-1,29689
-1,29677
-1,29666
-1,29654
-1,29642
-1,2963
-1,29619
-1,29607
-1,29595
-1,29584
-1,29572
-1,2956
-1,29549
-1,29537
-1,29525
-1,29513
-1,29502
-1,2949
-1,29478
-1,29467
-1,29455
-1,29443
-1,29432
-1,2942
-1,29408
-1,29396
-1,29385
-1,29373
-1,29361
-1,2935
-1,29338
-1,29326
-1,29314
-1,29303
-1,29291
-1,29279
-1,29268
-1,29256
-1,29244
-1,29233
-1,29221
-1,29209
-1,29197
-1,29186
-1,29174
-1,29162
-1,29151
-1,29139
-1,29127
-1,29115
-1,29104
-1,29092
-1,2908
-1,29069
-1,29057
-1,29045
-1,29033
-1,29022
-1,2901
-1,28998
-1,28987
-1,28975
-1,28963
-1,28951
-1,2894
-1,28928
-1,28916
-1,28905
-1,28893
-1,28881
-1,2887
-1,28858
-1,28846
-1,28834
-1,28823
-1,28811
-1,28799
-1,28788
-1,28776
-1,28764
-1,28752
-1,28741
-1,28729
-1,28717
-1,28706
-1,28694
-1,28682
-1,2867
-1,28659
-1,28647
-1,28635
-1,28624
-1,28612
-1,286
-1,28588
-1,28577
-1,28565
-1,28553
-1,28542
-1,2853
-1,28518
-1,28506
-1,28495
-1,28483
-1,28471
-1,28459
-1,28448
-1,28436
-1,28424
-1,28413
-1,28401
-1,28389
-1,28377
-1,28366
-1,28354
-1,28342
-1,28331
-1,28319
-1,28307
-1,28295
-1,28284
-1,28272
-1,2826
-1,28249
-1,28237
-1,28225
-1,28213
-1,28202
-1,2819
-1,28178
-1,28167
-1,28155
-1,28143
-1,28131
-1,2812
-1,28108
-1,28096
-1,28084
-1,28073
-1,28061
-1,28049
-1,28038
-1,28026
-1,28014
-1,28002
-1,27991
-1,27979
-1,27967
-1,27956
-1,27944
-1,27932
-1,2792
-1,27909
-1,27897
-1,27885
-1,27873
-1,27862
-1,2785
-1,27838
-1,27827
-1,27815
-1,27803
-1,27791
-1,2778
-1,27768
-1,27756
-1,27744
-1,27733
-1,27721
-1,27709
-1,27698
-1,27686
-1,27674
-1,27662
-1,27651
-1,27639
-1,27627
-1,27615
-1,27604
-1,27592
-1,2758
-1,27569
-1,27557
-1,27545
-1,27533
-1,27522
-1,2751
-1,27498
-1,27486
-1,27475
-1,27463
-1,27451
-1,2744
-1,27428
-1,27416
-1,27404
-1,27393
-1,27381
-1,27369
-1,27357
-1,27346
-1,27334
-1,27322
-1,2731
-1,27299
-1,27287
-1,27275
-1,27264
-1,27252
-1,2724
-1,27228
-1,27217
-1,27205
-1,27193
-1,27181
-1,2717
-1,27158
-1,27146
-1,27134
-1,27123
-1,27111
-1,27099
-1,27088
-1,27076
-1,27064
-1,27052
-1,27041
-1,27029
-1,27017
-1,27005
-1,26994
-1,26982
-1,2697
-1,26958
-1,26947
-1,26935
-1,26923
-1,26912
-1,269
-1,26888
-1,26876
-1,26865
-1,26853
-1,26841
-1,26829
-1,26818
-1,26806
-1,26794
-1,26782
-1,26771
-1,26759
-1,26747
-1,26735
-1,26724
-1,26712
-1,267
-1,26688
-1,26677
-1,26665
-1,26653
-1,26642
-1,2663
-1,26618
-1,26606
-1,26595
-1,26583
-1,26571
-1,26559
-1,26548
-1,26536
-1,26524
-1,26512
-1,26501
-1,26489
-1,26477
-1,26465
-1,26454
-1,26442
-1,2643
-1,26418
-1,26407
-1,26395
-1,26383
-1,26371
-1,2636
-1,26348
-1,26336
-1,26325
-1,26313
-1,26301
-1,26289
-1,26278
-1,26266
-1,26254
-1,26242
-1,26231
-1,26219
-1,26207
-1,26195
-1,26184
-1,26172
-1,2616
-1,26148
-1,26137
-1,26125
-1,26113
-1,26101
-1,2609
-1,26078
-1,26066
-1,26054
-1,26043
-1,26031
-1,26019
-1,26007
-1,25996
-1,25984
-1,25972
-1,2596
-1,25949
-1,25937
-1,25925
-1,25913
-1,25902
-1,2589
-1,25878
-1,25866
-1,25855
-1,25843
-1,25831
-1,25819
-1,25808
-1,25796
-1,25784
-1,25772
-1,25761
-1,25749
-1,25737
-1,25725
-1,25714
-1,25702
-1,2569
-1,25678
-1,25667
-1,25655
-1,25643
-1,25631
-1,2562
-1,25608
-1,25596
-1,25584
-1,25573
-1,25561
-1,25549
-1,25537
-1,25526
-1,25514
-1,25502
-1,2549
-1,25479
-1,25467
-1,25455
-1,25443
-1,25432
-1,2542
-1,25408
-1,25396
-1,25385
-1,25373
-1,25361
-1,25349
-1,25337
-1,25326
-1,25314
-1,25302
-1,2529
-1,25279
-1,25267
-1,25255
-1,25243
-1,25232
-1,2522
-1,25208
-1,25196
-1,25185
-1,25173
-1,25161
-1,25149
-1,25138
-1,25126
-1,25114
-1,25102
-1,25091
-1,25079
-1,25067
-1,25055
-1,25044
-1,25032
-1,2502
-1,25008
-1,24997
-1,24985
-1,24973
-1,24961
-1,24949
-1,24938
-1,24926
-1,24914
-1,24902
-1,24891
-1,24879
-1,24867
-1,24855
-1,24844
-1,24832
-1,2482
-1,24808
-1,24797
-1,24785
-1,24773
-1,24761
-1,2475
-1,24738
-1,24726
-1,24714
-1,24702
-1,24691
-1,24679
-1,24667
-1,24655
-1,24644
-1,24632
-1,2462
-1,24608
-1,24597
-1,24585
-1,24573
-1,24561
-1,2455
-1,24538
-1,24526
-1,24514
-1,24502
-1,24491
-1,24479
-1,24467
-1,24455
-1,24444
-1,24432
-1,2442
-1,24408
-1,24397
-1,24385
-1,24373
-1,24361
-1,24349
-1,24338
-1,24326
-1,24314
-1,24302
-1,24291
-1,24279
-1,24267
-1,24255
-1,24244
-1,24232
-1,2422
-1,24208
-1,24196
-1,24185
-1,24173
-1,24161
-1,24149
-1,24138
-1,24126
-1,24114
-1,24102
-1,24091
-1,24079
-1,24067
-1,24055
-1,24043
-1,24032
-1,2402
-1,24008
-1,23996
-1,23985
-1,23973
-1,23961
-1,23949
-1,23938
-1,23926
-1,23914
-1,23902
-1,2389
-1,23879
-1,23867
-1,23855
-1,23843
-1,23832
-1,2382
-1,23808
-1,23796
-1,23784
-1,23773
-1,23761
-1,23749
-1,23737
-1,23726
-1,23714
-1,23702
-1,2369
-1,23678
-1,23667
-1,23655
-1,23643
-1,23631
-1,2362
-1,23608
-1,23596
-1,23584
-1,23572
-1,23561
-1,23549
-1,23537
-1,23525
-1,23514
-1,23502
-1,2349
-1,23478
-1,23466
-1,23455
-1,23443
-1,23431
-1,23419
-1,23408
-1,23396
-1,23384
-1,23372
-1,2336
-1,23349
-1,23337
-1,23325
-1,23313
-1,23302
-1,2329
-1,23278
-1,23266
-1,23254
-1,23243
-1,23231
-1,23219
-1,23207
-1,23196
-1,23184
-1,23172
-1,2316
-1,23148
-1,23137
-1,23125
-1,23113
-1,23101
-1,23089
-1,23078
-1,23066
-1,23054
-1,23042
-1,23031
-1,23019
-1,23007
-1,22995
-1,22983
-1,22972
-1,2296
-1,22948
-1,22936
-1,22924
-1,22913
-1,22901
-1,22889
-1,22877
-1,22866
-1,22854
-1,22842
-1,2283
-1,22818
-1,22807
-1,22795
-1,22783
-1,22771
-1,22759
-1,22748
-1,22736
-1,22724
-1,22712
-1,22701
-1,22689
-1,22677
-1,22665
-1,22653
-1,22642
-1,2263
-1,22618
-1,22606
-1,22594
-1,22583
-1,22571
-1,22559
-1,22547
-1,22535
-1,22524
-1,22512
-1,225
-1,22488
-1,22477
-1,22465
-1,22453
-1,22441
-1,22429
-1,22418
-1,22406
-1,22394
-1,22382
-1,2237
-1,22359
-1,22347
-1,22335
-1,22323
-1,22311
-1,223
-1,22288
-1,22276
-1,22264
-1,22252
-1,22241
-1,22229
-1,22217
-1,22205
-1,22194
-1,22182
-1,2217
-1,22158
-1,22146
-1,22135
-1,22123
-1,22111
-1,22099
-1,22087
-1,22076
-1,22064
-1,22052
-1,2204
-1,22028
-1,22017
-1,22005
-1,21993
-1,21981
-1,21969
-1,21958
-1,21946
-1,21934
-1,21922
-1,2191
-1,21899
-1,21887
-1,21875
-1,21863
-1,21851
-1,2184
-1,21828
-1,21816
-1,21804
-1,21792
-1,21781
-1,21769
-1,21757
-1,21745
-1,21733
-1,21722
-1,2171
-1,21698
-1,21686
-1,21674
-1,21663
-1,21651
-1,21639
-1,21627
-1,21615
-1,21604
-1,21592
-1,2158
-1,21568
-1,21556
-1,21545
-1,21533
-1,21521
-1,21509
-1,21497
-1,21486
-1,21474
-1,21462
-1,2145
-1,21438
-1,21427
-1,21415
-1,21403
-1,21391
-1,21379
-1,21368
-1,21356
-1,21344
-1,21332
-1,2132
-1,21309
-1,21297
-1,21285
-1,21273
-1,21261
-1,2125
-1,21238
-1,21226
-1,21214
-1,21202
-1,21191
-1,21179
-1,21167
-1,21155
-1,21143
-1,21131
-1,2112
-1,21108
-1,21096
-1,21084
-1,21072
-1,21061
-1,21049
-1,21037
-1,21025
-1,21013
-1,21002
-1,2099
-1,20978
-1,20966
-1,20954
-1,20943
-1,20931
-1,20919
-1,20907
-1,20895
-1,20884
-1,20872
-1,2086
-1,20848
-1,20836
-1,20824
-1,20813
-1,20801
-1,20789
-1,20777
-1,20765
-1,20754
-1,20742
-1,2073
-1,20718
-1,20706
-1,20695
-1,20683
-1,20671
-1,20659
-1,20647
-1,20635
-1,20624
-1,20612
-1,206
-1,20588
-1,20576
-1,20565
-1,20553
-1,20541
-1,20529
-1,20517
-1,20506
-1,20494
-1,20482
-1,2047
-1,20458
-1,20446
-1,20435
-1,20423
-1,20411
-1,20399
-1,20387
-1,20376
-1,20364
-1,20352
-1,2034
-1,20328
-1,20316
-1,20305
-1,20293
-1,20281
-1,20269
-1,20257
-1,20246
-1,20234
-1,20222
-1,2021
-1,20198
-1,20187
-1,20175
-1,20163
-1,20151
-1,20139
-1,20127
-1,20116
-1,20104
-1,20092
-1,2008
-1,20068
-1,20057
-1,20045
-1,20033
-1,20021
-1,20009
-1,19997
-1,19986
-1,19974
-1,19962
-1,1995
-1,19938
-1,19926
-1,19915
-1,19903
-1,19891
-1,19879
-1,19867
-1,19856
-1,19844
-1,19832
-1,1982
-1,19808
-1,19796
-1,19785
-1,19773
-1,19761
-1,19749
-1,19737
-1,19726
-1,19714
-1,19702
-1,1969
-1,19678
-1,19666
-1,19655
-1,19643
-1,19631
-1,19619
-1,19607
-1,19595
-1,19584
-1,19572
-1,1956
-1,19548
-1,19536
-1,19524
-1,19513
-1,19501
-1,19489
-1,19477
-1,19465
-1,19454
-1,19442
-1,1943
-1,19418
-1,19406
-1,19394
-1,19383
-1,19371
-1,19359
-1,19347
-1,19335
-1,19323
-1,19312
-1,193
-1,19288
-1,19276
-1,19264
-1,19252
-1,19241
-1,19229
-1,19217
-1,19205
-1,19193
-1,19182
-1,1917
-1,19158
-1,19146
-1,19134
-1,19122
-1,19111
-1,19099
-1,19087
-1,19075
-1,19063
-1,19051
-1,1904
-1,19028
-1,19016
-1,19004
-1,18992
-1,1898
-1,18969
-1,18957
-1,18945
-1,18933
-1,18921
-1,18909
-1,18898
-1,18886
-1,18874
-1,18862
-1,1885
-1,18838
-1,18827
-1,18815
-1,18803
-1,18791
-1,18779
-1,18767
-1,18756
-1,18744
-1,18732
-1,1872
-1,18708
-1,18696
-1,18685
-1,18673
-1,18661
-1,18649
-1,18637
-1,18625
-1,18614
-1,18602
-1,1859
-1,18578
-1,18566
-1,18554
-1,18543
-1,18531
-1,18519
-1,18507
-1,18495
-1,18483
-1,18471
-1,1846
-1,18448
-1,18436
-1,18424
-1,18412
-1,184
-1,18389
-1,18377
-1,18365
-1,18353
-1,18341
-1,18329
-1,18318
-1,18306
