-2,03023
-2,03013
-2,03003
-2,02993
-2,02983
-2,02973
-2,02963
-2,02953
-2,02943
-2,02933
-2,02923
-2,02913
-2,02903
-2,02893
-2,02883
-2,02873
-2,02863
-2,02853
-2,02843
-2,02833
-2,02823
-2,02813
-2,02803
-2,02793
-2,02783
-2,02773
-2,02763
-2,02753
-2,02743
-2,02733
-2,02723
-2,02713
-2,02703
-2,02693
-2,02683
-2,02673
-2,02663
-2,02653
-2,02643
-2,02633
-2,02623
-2,02613
-2,02603
-2,02593
-2,02583
-2,02573
-2,02563
-2,02553
-2,02543
-2,02533
-2,02523
-2,02513
-2,02503
-2,02493
-2,02483
-2,02473
-2,02463
-2,02453
-2,02443
-2,02433
-2,02423
-2,02413
-2,02403
-2,02393
-2,02383
-2,02373
-2,02363
-2,02353
-2,02343
-2,02333
-2,02323
-2,02313
-2,02303
-2,02293
-2,02283
-2,02273
-2,02263
-2,02253
-2,02243
-2,02233
-2,02223
-2,02213
-2,02203
-2,02193
-2,02183
-2,02173
-2,02163
-2,02153
-2,02143
-2,02133
-2,02123
-2,02113
-2,02103
-2,02093
-2,02083
-2,02073
-2,02063
-2,02053
-2,02043
-2,02033
-2,02023
-2,02013
-2,02003
-2,01993
-2,01983
-2,01973
-2,01963
-2,01953
-2,01943
-2,01933
-2,01923
-2,01913
-2,01903
-2,01893
-2,01883
-2,01873
-2,01863
-2,01853
-2,01843
-2,01833
-2,01823
-2,01813
-2,01803
-2,01793
-2,01783
-2,01773
-2,01763
-2,01753
-2,01743
-2,01733
-2,01723
-2,01713
-2,01703
-2,01693
-2,01683
-2,01673
-2,01663
-2,01653
-2,01643
-2,01633
-2,01623
-2,01613
-2,01603
-2,01593
-2,01583
-2,01573
-2,01563
-2,01553
-2,01543
-2,01533
-2,01523
-2,01513
-2,01503
-2,01493
-2,01483
-2,01473
-2,01463
-2,01453
-2,01443
-2,01433
-2,01423
-2,01413
-2,01403
-2,01393
-2,01383
-2,01373
-2,01363
-2,01353
-2,01343
-2,01333
-2,01323
-2,01313
-2,01303
-2,01293
-2,01283
-2,01273
-2,01263
-2,01253
-2,01243
-2,01233
-2,01223
-2,01213
-2,01203
-2,01193
-2,01183
-2,01173
-2,01163
-2,01153
-2,01143
-2,01133
-2,01123
-2,01113
-2,01103
-2,01093
-2,01083
-2,01073
-2,01063
-2,01053
-2,01043
-2,01033
-2,01023
-2,01013
-2,01003
-2,00993
-2,00983
-2,00973
-2,00963
-2,00953
-2,00943
-2,00933
-2,00923
-2,00913
-2,00903
-2,00893
-2,00883
-2,00873
-2,00863
-2,00853
-2,00843
-2,00833
-2,00823
-2,00813
-2,00803
-2,00793
-2,00783
-2,00773
-2,00763
-2,00753
-2,00743
-2,00733
-2,00723
-2,00713
-2,00703
-2,00693
-2,00683
-2,00673
-2,00663
-2,00653
-2,00643
-2,00633
-2,00623
-2,00613
-2,00603
-2,00593
-2,00583
-2,00573
-2,00563
-2,00553
-2,00543
-2,00533
-2,00523
-2,00513
-2,00503
-2,00493
-2,00483
-2,00473
-2,00463
-2,00453
-2,00443
-2,00433
-2,00423
-2,00413
-2,00403
-2,00393
-2,00383
-2,00373
-2,00363
-2,00353
-2,00343
-2,00333
-2,00323
-2,00313
-2,00303
-2,00293
-2,00283
-2,00273
-2,00263
-2,00253
-2,00243
-2,00233
-2,00223
-2,00213
-2,00203
-2,00193
-2,00183
-2,00173
-2,00163
-2,00153
-2,00143
-2,00133
-2,00123
-2,00113
-2,00103
-2,00093
-2,00083
-2,00073
-2,00063
-2,00053
-2,00043
-2,00032
-2,00022
-2,00012
-2,00002
-1,99992
-1,99982
-1,99972
-1,99962
-1,99952
-1,99942
-1,99932
-1,99922
-1,99912
-1,99902
-1,99892
-1,99882
-1,99872
-1,99862
-1,99852
-1,99842
-1,99832
-1,99822
-1,99812
-1,99802
-1,99792
-1,99782
-1,99772
-1,99762
-1,99752
-1,99742
-1,99732
-1,99722
-1,99712
-1,99702
-1,99692
-1,99682
-1,99672
-1,99662
-1,99652
-1,99642
-1,99632
-1,99622
-1,99612
-1,99602
-1,99592
-1,99582
-1,99572
-1,99562
-1,99552
-1,99542
-1,99532
-1,99522
-1,99512
-1,99502
-1,99492
-1,99482
-1,99472
-1,99462
-1,99452
-1,99442
-1,99432
-1,99422
-1,99412
-1,99402
-1,99392
-1,99382
-1,99372
-1,99362
-1,99352
-1,99342
-1,99332
-1,99322
-1,99312
-1,99302
-1,99292
-1,99282
-1,99272
-1,99262
-1,99252
-1,99242
-1,99232
-1,99222
-1,99212
-1,99202
-1,99192
-1,99182
-1,99172
-1,99162
-1,99152
-1,99142
-1,99132
-1,99122
-1,99112
-1,99102
-1,99092
-1,99082
-1,99072
-1,99062
-1,99052
-1,99042
-1,99032
-1,99022
-1,99012
-1,99002
-1,98992
-1,98982
-1,98972
-1,98962
-1,98952
-1,98942
-1,98932
-1,98922
-1,98912
-1,98902
-1,98892
-1,98882
-1,98872
-1,98862
-1,98852
-1,98842
-1,98832
-1,98822
-1,98812
-1,98801
-1,98791
-1,98781
-1,98771
-1,98761
-1,98751
-1,98741
-1,98731
-1,98721
-1,98711
-1,98701
-1,98691
-1,98681
-1,98671
-1,98661
-1,98651
-1,98641
-1,98631
-1,98621
-1,98611
-1,98601
-1,98591
-1,98581
-1,98571
-1,98561
-1,98551
-1,98541
-1,98531
-1,98521
-1,98511
-1,98501
-1,98491
-1,98481
-1,98471
-1,98461
-1,98451
-1,98441
-1,98431
-1,98421
-1,98411
-1,98401
-1,98391
-1,98381
-1,98371
-1,98361
-1,98351
-1,98341
-1,98331
-1,98321
-1,98311
-1,98301
-1,98291
-1,98281
-1,98271
-1,98261
-1,98251
-1,98241
-1,98231
-1,98221
-1,98211
-1,98201
-1,98191
-1,98181
-1,98171
-1,98161
-1,98151
-1,98141
-1,98131
-1,98121
-1,98111
-1,98101
-1,98091
-1,98081
-1,98071
-1,98061
-1,98051
-1,98041
-1,98031
-1,98021
-1,98011
-1,98001
-1,97991
-1,97981
-1,97971
-1,97961
-1,97951
-1,97941
-1,97931
-1,97921
-1,97911
-1,97901
-1,97891
-1,97881
-1,97871
-1,97861
-1,9785
-1,9784
-1,9783
-1,9782
-1,9781
-1,978
-1,9779
-1,9778
-1,9777
-1,9776
-1,9775
-1,9774
-1,9773
-1,9772
-1,9771
-1,977
-1,9769
-1,9768
-1,9767
-1,9766
-1,9765
-1,9764
-1,9763
-1,9762
-1,9761
-1,976
-1,9759
-1,9758
-1,9757
-1,9756
-1,9755
-1,9754
-1,9753
-1,9752
-1,9751
-1,975
-1,9749
-1,9748
-1,9747
-1,9746
-1,9745
-1,9744
-1,9743
-1,9742
-1,9741
-1,974
-1,9739
-1,9738
-1,9737
-1,9736
-1,9735
-1,9734
-1,9733
-1,9732
-1,9731
-1,973
-1,9729
-1,9728
-1,9727
-1,9726
-1,9725
-1,9724
-1,9723
-1,9722
-1,9721
-1,972
-1,9719
-1,9718
-1,9717
-1,9716
-1,9715
-1,9714
-1,9713
-1,9712
-1,9711
-1,971
-1,9709
-1,9708
-1,9707
-1,9706
-1,97049
-1,97039
-1,97029
-1,97019
-1,97009
-1,96999
-1,96989
-1,96979
-1,96969
-1,96959
-1,96949
-1,96939
-1,96929
-1,96919
-1,96909
-1,96899
-1,96889
-1,96879
-1,96869
-1,96859
-1,96849
-1,96839
-1,96829
-1,96819
-1,96809
-1,96799
-1,96789
-1,96779
-1,96769
-1,96759
-1,96749
-1,96739
-1,96729
-1,96719
-1,96709
-1,96699
-1,96689
-1,96679
-1,96669
-1,96659
-1,96649
-1,96639
-1,96629
-1,96619
-1,96609
-1,96599
-1,96589
-1,96579
-1,96569
-1,96559
-1,96549
-1,96539
-1,96529
-1,96519
-1,96509
-1,96499
-1,96489
-1,96479
-1,96469
-1,96459
-1,96449
-1,96439
-1,96429
-1,96419
-1,96409
-1,96399
-1,96389
-1,96379
-1,96369
-1,96359
-1,96349
-1,96338
-1,96328
-1,96318
-1,96308
-1,96298
-1,96288
-1,96278
-1,96268
-1,96258
-1,96248
-1,96238
-1,96228
-1,96218
-1,96208
-1,96198
-1,96188
-1,96178
-1,96168
-1,96158
-1,96148
-1,96138
-1,96128
-1,96118
-1,96108
-1,96098
-1,96088
-1,96078
-1,96068
-1,96058
-1,96048
-1,96038
-1,96028
-1,96018
-1,96008
-1,95998
-1,95988
-1,95978
-1,95968
-1,95958
-1,95948
-1,95938
-1,95928
-1,95918
-1,95908
-1,95898
-1,95888
-1,95878
-1,95868
-1,95858
-1,95848
-1,95838
-1,95828
-1,95818
-1,95808
-1,95798
-1,95788
-1,95778
-1,95768
-1,95758
-1,95748
-1,95738
-1,95728
-1,95718
-1,95707
-1,95697
-1,95687
-1,95677
-1,95667
-1,95657
-1,95647
-1,95637
-1,95627
-1,95617
-1,95607
-1,95597
-1,95587
-1,95577
-1,95567
-1,95557
-1,95547
-1,95537
-1,95527
-1,95517
-1,95507
-1,95497
-1,95487
-1,95477
-1,95467
-1,95457
-1,95447
-1,95437
-1,95427
-1,95417
-1,95407
-1,95397
-1,95387
-1,95377
-1,95367
-1,95357
-1,95347
-1,95337
-1,95327
-1,95317
-1,95307
-1,95297
-1,95287
-1,95277
-1,95267
-1,95257
-1,95247
-1,95237
-1,95227
-1,95217
-1,95207
-1,95197
-1,95187
-1,95177
-1,95167
-1,95157
-1,95147
-1,95137
-1,95127
-1,95116
-1,95106
-1,95096
-1,95086
-1,95076
-1,95066
-1,95056
-1,95046
-1,95036
-1,95026
-1,95016
-1,95006
-1,94996
-1,94986
-1,94976
-1,94966
-1,94956
-1,94946
-1,94936
-1,94926
-1,94916
-1,94906
-1,94896
-1,94886
-1,94876
-1,94866
-1,94856
-1,94846
-1,94836
-1,94826
-1,94816
-1,94806
-1,94796
-1,94786
-1,94776
-1,94766
-1,94756
-1,94746
-1,94736
-1,94726
-1,94716
-1,94706
-1,94696
-1,94686
-1,94676
-1,94666
-1,94656
-1,94646
-1,94636
-1,94626
-1,94616
-1,94606
-1,94596
-1,94586
-1,94575
-1,94565
-1,94555
-1,94545
-1,94535
-1,94525
-1,94515
-1,94505
-1,94495
-1,94485
-1,94475
-1,94465
-1,94455
-1,94445
-1,94435
-1,94425
-1,94415
-1,94405
-1,94395
-1,94385
-1,94375
-1,94365
-1,94355
-1,94345
-1,94335
-1,94325
-1,94315
-1,94305
-1,94295
-1,94285
-1,94275
-1,94265
-1,94255
-1,94245
-1,94235
-1,94225
-1,94215
-1,94205
-1,94195
-1,94185
-1,94175
-1,94165
-1,94155
-1,94145
-1,94135
-1,94125
-1,94115
-1,94105
-1,94095
-1,94085
-1,94075
-1,94065
-1,94054
-1,94044
-1,94034
-1,94024
-1,94014
-1,94004
-1,93994
-1,93984
-1,93974
-1,93964
-1,93954
-1,93944
-1,93934
-1,93924
-1,93914
-1,93904
-1,93894
-1,93884
-1,93874
-1,93864
-1,93854
-1,93844
-1,93834
-1,93824
-1,93814
-1,93804
-1,93794
-1,93784
-1,93774
-1,93764
-1,93754
-1,93744
-1,93734
-1,93724
-1,93714
-1,93704
-1,93694
-1,93684
-1,93674
-1,93664
-1,93654
-1,93644
-1,93634
-1,93624
-1,93614
-1,93604
-1,93594
-1,93584
-1,93573
-1,93563
-1,93553
-1,93543
-1,93533
-1,93523
-1,93513
-1,93503
-1,93493
-1,93483
-1,93473
-1,93463
-1,93453
-1,93443
-1,93433
-1,93423
-1,93413
-1,93403
-1,93393
-1,93383
-1,93373
-1,93363
-1,93353
-1,93343
-1,93333
-1,93323
-1,93313
-1,93303
-1,93293
-1,93283
-1,93273
-1,93263
-1,93253
-1,93243
-1,93233
-1,93223
-1,93213
-1,93203
-1,93193
-1,93183
-1,93173
-1,93163
-1,93153
-1,93143
-1,93133
-1,93123
-1,93112
-1,93102
-1,93092
-1,93082
-1,93072
-1,93062
-1,93052
-1,93042
-1,93032
-1,93022
-1,93012
-1,93002
-1,92992
-1,92982
-1,92972
-1,92962
-1,92952
-1,92942
-1,92932
-1,92922
-1,92912
-1,92902
-1,92892
-1,92882
-1,92872
-1,92862
-1,92852
-1,92842
-1,92832
-1,92822
-1,92812
-1,92802
-1,92792
-1,92782
-1,92772
-1,92762
-1,92752
-1,92742
-1,92732
-1,92722
-1,92712
-1,92702
-1,92692
-1,92682
-1,92671
-1,92661
-1,92651
-1,92641
-1,92631
-1,92621
-1,92611
-1,92601
-1,92591
-1,92581
-1,92571
-1,92561
-1,92551
-1,92541
-1,92531
-1,92521
-1,92511
-1,92501
-1,92491
-1,92481
-1,92471
-1,92461
-1,92451
-1,92441
-1,92431
-1,92421
-1,92411
-1,92401
-1,92391
-1,92381
-1,92371
-1,92361
-1,92351
-1,92341
-1,92331
-1,92321
-1,92311
-1,92301
-1,92291
-1,92281
-1,92271
-1,92261
-1,9225
-1,9224
-1,9223
-1,9222
-1,9221
-1,922
-1,9219
-1,9218
-1,9217
-1,9216
-1,9215
-1,9214
-1,9213
-1,9212
-1,9211
-1,921
-1,9209
-1,9208
-1,9207
-1,9206
-1,9205
-1,9204
-1,9203
-1,9202
-1,9201
-1,92
-1,9199
-1,9198
-1,9197
-1,9196
-1,9195
-1,9194
-1,9193
-1,9192
-1,9191
-1,919
-1,9189
-1,9188
-1,9187
-1,9186
-1,9185
-1,91839
-1,91829
-1,91819
-1,91809
-1,91799
-1,91789
-1,91779
-1,91769
-1,91759
-1,91749
-1,91739
-1,91729
-1,91719
-1,91709
-1,91699
-1,91689
-1,91679
-1,91669
-1,91659
-1,91649
-1,91639
-1,91629
-1,91619
-1,91609
-1,91599
-1,91589
-1,91579
-1,91569
-1,91559
-1,91549
-1,91539
-1,91529
-1,91519
-1,91509
-1,91499
-1,91489
-1,91479
-1,91469
-1,91459
-1,91448
-1,91438
-1,91428
-1,91418
-1,91408
-1,91398
-1,91388
-1,91378
-1,91368
-1,91358
-1,91348
-1,91338
-1,91328
-1,91318
-1,91308
-1,91298
-1,91288
-1,91278
-1,91268
-1,91258
-1,91248
-1,91238
-1,91228
-1,91218
-1,91208
-1,91198
-1,91188
-1,91178
-1,91168
-1,91158
-1,91148
-1,91138
-1,91128
-1,91118
-1,91108
-1,91098
-1,91088
-1,91078
-1,91067
-1,91057
-1,91047
-1,91037
-1,91027
-1,91017
-1,91007
-1,90997
-1,90987
-1,90977
-1,90967
-1,90957
-1,90947
-1,90937
-1,90927
-1,90917
-1,90907
-1,90897
-1,90887
-1,90877
-1,90867
-1,90857
-1,90847
-1,90837
-1,90827
-1,90817
-1,90807
-1,90797
-1,90787
-1,90777
-1,90767
-1,90757
-1,90747
-1,90737
-1,90727
-1,90717
-1,90707
-1,90696
-1,90686
-1,90676
-1,90666
-1,90656
-1,90646
-1,90636
-1,90626
-1,90616
-1,90606
-1,90596
-1,90586
-1,90576
-1,90566
-1,90556
-1,90546
-1,90536
-1,90526
-1,90516
-1,90506
-1,90496
-1,90486
-1,90476
-1,90466
-1,90456
-1,90446
-1,90436
-1,90426
-1,90416
-1,90406
-1,90396
-1,90386
-1,90376
-1,90366
-1,90356
-1,90346
-1,90335
-1,90325
-1,90315
-1,90305
-1,90295
-1,90285
-1,90275
-1,90265
-1,90255
-1,90245
-1,90235
-1,90225
-1,90215
-1,90205
-1,90195
-1,90185
-1,90175
-1,90165
-1,90155
-1,90145
-1,90135
-1,90125
-1,90115
-1,90105
-1,90095
-1,90085
-1,90075
-1,90065
-1,90055
-1,90045
-1,90035
-1,90025
-1,90015
-1,90005
-1,89995
-1,89984
-1,89974
-1,89964
-1,89954
-1,89944
-1,89934
-1,89924
-1,89914
-1,89904
-1,89894
-1,89884
-1,89874
-1,89864
-1,89854
-1,89844
-1,89834
-1,89824
-1,89814
-1,89804
-1,89794
-1,89784
-1,89774
-1,89764
-1,89754
-1,89744
-1,89734
-1,89724
-1,89714
-1,89704
-1,89694
-1,89684
-1,89674
-1,89664
-1,89653
-1,89643
-1,89633
-1,89623
-1,89613
-1,89603
-1,89593
-1,89583
-1,89573
-1,89563
-1,89553
-1,89543
-1,89533
-1,89523
-1,89513
-1,89503
-1,89493
-1,89483
-1,89473
-1,89463
-1,89453
-1,89443
-1,89433
-1,89423
-1,89413
-1,89403
-1,89393
-1,89383
-1,89373
-1,89363
-1,89353
-1,89343
-1,89333
-1,89322
-1,89312
-1,89302
-1,89292
-1,89282
-1,89272
-1,89262
-1,89252
-1,89242
-1,89232
-1,89222
-1,89212
-1,89202
-1,89192
-1,89182
-1,89172
-1,89162
-1,89152
-1,89142
-1,89132
-1,89122
-1,89112
-1,89102
-1,89092
-1,89082
-1,89072
-1,89062
-1,89052
-1,89042
-1,89032
-1,89022
-1,89012
-1,89002
-1,88991
-1,88981
-1,88971
-1,88961
-1,88951
-1,88941
-1,88931
-1,88921
-1,88911
-1,88901
-1,88891
-1,88881
-1,88871
-1,88861
-1,88851
-1,88841
-1,88831
-1,88821
-1,88811
-1,88801
-1,88791
-1,88781
-1,88771
-1,88761
-1,88751
-1,88741
-1,88731
-1,88721
-1,88711
-1,88701
-1,88691
-1,8868
-1,8867
-1,8866
-1,8865
-1,8864
-1,8863
-1,8862
-1,8861
-1,886
-1,8859
-1,8858
-1,8857
-1,8856
-1,8855
-1,8854
-1,8853
-1,8852
-1,8851
-1,885
-1,8849
-1,8848
-1,8847
-1,8846
-1,8845
-1,8844
-1,8843
-1,8842
-1,8841
-1,884
-1,8839
-1,8838
-1,88369
-1,88359
-1,88349
-1,88339
-1,88329
-1,88319
-1,88309
-1,88299
-1,88289
-1,88279
-1,88269
-1,88259
-1,88249
-1,88239
-1,88229
-1,88219
-1,88209
-1,88199
-1,88189
-1,88179
-1,88169
-1,88159
-1,88149
-1,88139
-1,88129
-1,88119
-1,88109
-1,88099
-1,88089
-1,88079
-1,88068
-1,88058
-1,88048
-1,88038
-1,88028
-1,88018
-1,88008
-1,87998
-1,87988
-1,87978
-1,87968
-1,87958
-1,87948
-1,87938
-1,87928
-1,87918
-1,87908
-1,87898
-1,87888
-1,87878
-1,87868
-1,87858
-1,87848
-1,87838
-1,87828
-1,87818
-1,87808
-1,87798
-1,87788
-1,87778
-1,87767
-1,87757
-1,87747
-1,87737
-1,87727
-1,87717
-1,87707
-1,87697
-1,87687
-1,87677
-1,87667
-1,87657
-1,87647
-1,87637
-1,87627
-1,87617
-1,87607
-1,87597
-1,87587
-1,87577
-1,87567
-1,87557
-1,87547
-1,87537
-1,87527
-1,87517
-1,87507
-1,87497
-1,87487
-1,87476
-1,87466
-1,87456
-1,87446
-1,87436
-1,87426
-1,87416
-1,87406
-1,87396
-1,87386
-1,87376
-1,87366
-1,87356
-1,87346
-1,87336
-1,87326
-1,87316
-1,87306
-1,87296
-1,87286
-1,87276
-1,87266
-1,87256
-1,87246
-1,87236
-1,87226
-1,87216
-1,87206
-1,87195
-1,87185
-1,87175
-1,87165
-1,87155
-1,87145
-1,87135
-1,87125
-1,87115
-1,87105
-1,87095
-1,87085
-1,87075
-1,87065
-1,87055
-1,87045
-1,87035
-1,87025
-1,87015
-1,87005
-1,86995
-1,86985
-1,86975
-1,86965
-1,86955
-1,86945
-1,86935
-1,86925
-1,86914
-1,86904
-1,86894
-1,86884
-1,86874
-1,86864
-1,86854
-1,86844
-1,86834
-1,86824
-1,86814
-1,86804
-1,86794
-1,86784
-1,86774
-1,86764
-1,86754
-1,86744
-1,86734
-1,86724
-1,86714
-1,86704
-1,86694
-1,86684
-1,86674
-1,86664
-1,86654
-1,86644
-1,86633
-1,86623
-1,86613
-1,86603
-1,86593
-1,86583
-1,86573
-1,86563
-1,86553
-1,86543
-1,86533
-1,86523
-1,86513
-1,86503
-1,86493
-1,86483
-1,86473
-1,86463
-1,86453
-1,86443
-1,86433
-1,86423
-1,86413
-1,86403
-1,86393
-1,86383
-1,86373
-1,86362
-1,86352
-1,86342
-1,86332
-1,86322
-1,86312
-1,86302
-1,86292
-1,86282
-1,86272
-1,86262
-1,86252
-1,86242
-1,86232
-1,86222
-1,86212
-1,86202
-1,86192
-1,86182
-1,86172
-1,86162
-1,86152
-1,86142
-1,86132
-1,86122
-1,86112
-1,86102
-1,86091
-1,86081
-1,86071
-1,86061
-1,86051
-1,86041
-1,86031
-1,86021
-1,86011
-1,86001
-1,85991
-1,85981
-1,85971
-1,85961
-1,85951
-1,85941
-1,85931
-1,85921
-1,85911
-1,85901
-1,85891
-1,85881
-1,85871
-1,85861
-1,85851
-1,85841
-1,8583
-1,8582
-1,8581
-1,858
-1,8579
-1,8578
-1,8577
-1,8576
-1,8575
-1,8574
-1,8573
-1,8572
-1,8571
-1,857
-1,8569
-1,8568
-1,8567
-1,8566
-1,8565
-1,8564
-1,8563
-1,8562
-1,8561
-1,856
-1,8559
-1,8558
-1,85569
-1,85559
-1,85549
-1,85539
-1,85529
-1,85519
-1,85509
-1,85499
-1,85489
-1,85479
-1,85469
-1,85459
-1,85449
-1,85439
-1,85429
-1,85419
-1,85409
-1,85399
-1,85389
-1,85379
-1,85369
-1,85359
-1,85349
-1,85339
-1,85329
-1,85318
-1,85308
-1,85298
-1,85288
-1,85278
-1,85268
-1,85258
-1,85248
-1,85238
-1,85228
-1,85218
-1,85208
-1,85198
-1,85188
-1,85178
-1,85168
-1,85158
-1,85148
-1,85138
-1,85128
-1,85118
-1,85108
-1,85098
-1,85088
-1,85078
-1,85067
-1,85057
-1,85047
-1,85037
-1,85027
-1,85017
-1,85007
-1,84997
-1,84987
-1,84977
-1,84967
-1,84957
-1,84947
-1,84937
-1,84927
-1,84917
-1,84907
-1,84897
-1,84887
-1,84877
-1,84867
-1,84857
-1,84847
-1,84837
-1,84827
-1,84816
-1,84806
-1,84796
-1,84786
-1,84776
-1,84766
-1,84756
-1,84746
-1,84736
-1,84726
-1,84716
-1,84706
-1,84696
-1,84686
-1,84676
-1,84666
-1,84656
-1,84646
-1,84636
-1,84626
-1,84616
-1,84606
-1,84596
-1,84586
-1,84575
-1,84565
-1,84555
-1,84545
-1,84535
-1,84525
-1,84515
-1,84505
-1,84495
-1,84485
-1,84475
-1,84465
-1,84455
-1,84445
-1,84435
-1,84425
-1,84415
-1,84405
-1,84395
-1,84385
-1,84375
-1,84365
-1,84355
-1,84345
-1,84335
-1,84324
-1,84314
-1,84304
-1,84294
-1,84284
-1,84274
-1,84264
-1,84254
-1,84244
-1,84234
-1,84224
-1,84214
-1,84204
-1,84194
-1,84184
-1,84174
-1,84164
-1,84154
-1,84144
-1,84134
-1,84124
-1,84114
-1,84104
-1,84093
-1,84083
-1,84073
-1,84063
-1,84053
-1,84043
-1,84033
-1,84023
-1,84013
-1,84003
-1,83993
-1,83983
-1,83973
-1,83963
-1,83953
-1,83943
-1,83933
-1,83923
-1,83913
-1,83903
-1,83893
-1,83883
-1,83873
-1,83863
-1,83852
-1,83842
-1,83832
-1,83822
-1,83812
-1,83802
-1,83792
-1,83782
-1,83772
-1,83762
-1,83752
-1,83742
-1,83732
-1,83722
-1,83712
-1,83702
-1,83692
-1,83682
-1,83672
-1,83662
-1,83652
-1,83642
-1,83632
-1,83621
-1,83611
-1,83601
-1,83591
-1,83581
-1,83571
-1,83561
-1,83551
-1,83541
-1,83531
-1,83521
-1,83511
-1,83501
-1,83491
-1,83481
-1,83471
-1,83461
-1,83451
-1,83441
-1,83431
-1,83421
-1,83411
-1,83401
-1,8339
-1,8338
-1,8337
-1,8336
-1,8335
-1,8334
-1,8333
-1,8332
-1,8331
-1,833
-1,8329
-1,8328
-1,8327
-1,8326
-1,8325
-1,8324
-1,8323
-1,8322
-1,8321
-1,832
-1,8319
-1,8318
-1,8317
-1,83159
-1,83149
-1,83139
-1,83129
-1,83119
-1,83109
-1,83099
-1,83089
-1,83079
-1,83069
-1,83059
-1,83049
-1,83039
-1,83029
-1,83019
-1,83009
-1,82999
-1,82989
-1,82979
-1,82969
-1,82959
-1,82949
-1,82938
-1,82928
-1,82918
-1,82908
-1,82898
-1,82888
-1,82878
-1,82868
-1,82858
-1,82848
-1,82838
-1,82828
-1,82818
-1,82808
-1,82798
-1,82788
-1,82778
-1,82768
-1,82758
-1,82748
-1,82738
-1,82728
-1,82717
-1,82707
-1,82697
-1,82687
-1,82677
-1,82667
-1,82657
-1,82647
-1,82637
-1,82627
-1,82617
-1,82607
-1,82597
-1,82587
-1,82577
-1,82567
-1,82557
-1,82547
-1,82537
-1,82527
-1,82517
-1,82507
-1,82496
-1,82486
-1,82476
-1,82466
-1,82456
-1,82446
-1,82436
-1,82426
-1,82416
-1,82406
-1,82396
-1,82386
-1,82376
-1,82366
-1,82356
-1,82346
-1,82336
-1,82326
-1,82316
-1,82306
-1,82296
-1,82286
-1,82275
-1,82265
-1,82255
-1,82245
-1,82235
-1,82225
-1,82215
-1,82205
-1,82195
-1,82185
-1,82175
-1,82165
-1,82155
-1,82145
-1,82135
-1,82125
-1,82115
-1,82105
-1,82095
-1,82085
-1,82075
-1,82065
-1,82054
-1,82044
-1,82034
-1,82024
-1,82014
-1,82004
-1,81994
-1,81984
-1,81974
-1,81964
-1,81954
-1,81944
-1,81934
-1,81924
-1,81914
-1,81904
-1,81894
-1,81884
-1,81874
-1,81864
-1,81854
-1,81843
-1,81833
-1,81823
-1,81813
-1,81803
-1,81793
-1,81783
-1,81773
-1,81763
-1,81753
-1,81743
-1,81733
-1,81723
-1,81713
-1,81703
-1,81693
-1,81683
-1,81673
-1,81663
-1,81653
-1,81643
-1,81632
-1,81622
-1,81612
-1,81602
-1,81592
-1,81582
-1,81572
-1,81562
-1,81552
-1,81542
-1,81532
-1,81522
-1,81512
-1,81502
-1,81492
-1,81482
-1,81472
-1,81462
-1,81452
-1,81442
-1,81432
-1,81421
-1,81411
-1,81401
-1,81391
-1,81381
-1,81371
-1,81361
-1,81351
-1,81341
-1,81331
-1,81321
-1,81311
-1,81301
-1,81291
-1,81281
-1,81271
-1,81261
-1,81251
-1,81241
-1,81231
-1,81221
-1,8121
-1,812
-1,8119
-1,8118
-1,8117
-1,8116
-1,8115
-1,8114
-1,8113
-1,8112
-1,8111
-1,811
-1,8109
-1,8108
-1,8107
-1,8106
-1,8105
-1,8104
-1,8103
-1,8102
-1,81009
-1,80999
-1,80989
-1,80979
-1,80969
-1,80959
-1,80949
-1,80939
-1,80929
-1,80919
-1,80909
-1,80899
-1,80889
-1,80879
-1,80869
-1,80859
-1,80849
-1,80839
-1,80829
-1,80819
-1,80808
-1,80798
-1,80788
-1,80778
-1,80768
-1,80758
-1,80748
-1,80738
-1,80728
-1,80718
-1,80708
-1,80698
-1,80688
-1,80678
-1,80668
-1,80658
-1,80648
-1,80638
-1,80628
-1,80618
-1,80607
-1,80597
-1,80587
-1,80577
-1,80567
-1,80557
-1,80547
-1,80537
-1,80527
-1,80517
-1,80507
-1,80497
-1,80487
-1,80477
-1,80467
-1,80457
-1,80447
-1,80437
-1,80427
-1,80417
-1,80406
-1,80396
-1,80386
-1,80376
-1,80366
-1,80356
-1,80346
-1,80336
-1,80326
-1,80316
-1,80306
-1,80296
-1,80286
-1,80276
-1,80266
-1,80256
-1,80246
-1,80236
-1,80226
-1,80216
-1,80205
-1,80195
-1,80185
-1,80175
-1,80165
-1,80155
-1,80145
-1,80135
-1,80125
-1,80115
-1,80105
-1,80095
-1,80085
-1,80075
-1,80065
-1,80055
-1,80045
-1,80035
-1,80025
-1,80015
-1,80004
-1,79994
-1,79984
-1,79974
-1,79964
-1,79954
-1,79944
-1,79934
-1,79924
-1,79914
-1,79904
-1,79894
-1,79884
-1,79874
-1,79864
-1,79854
-1,79844
-1,79834
-1,79824
-1,79813
-1,79803
-1,79793
-1,79783
-1,79773
-1,79763
-1,79753
-1,79743
-1,79733
-1,79723
-1,79713
-1,79703
-1,79693
-1,79683
-1,79673
-1,79663
-1,79653
-1,79643
-1,79633
-1,79622
-1,79612
-1,79602
-1,79592
-1,79582
-1,79572
-1,79562
-1,79552
-1,79542
-1,79532
-1,79522
-1,79512
-1,79502
-1,79492
-1,79482
-1,79472
-1,79462
-1,79452
-1,79442
-1,79432
-1,79421
-1,79411
-1,79401
-1,79391
-1,79381
-1,79371
-1,79361
-1,79351
-1,79341
-1,79331
-1,79321
-1,79311
-1,79301
-1,79291
-1,79281
-1,79271
-1,79261
-1,79251
-1,79241
-1,7923
-1,7922
-1,7921
-1,792
-1,7919
-1,7918
-1,7917
-1,7916
-1,7915
-1,7914
-1,7913
-1,7912
-1,7911
-1,791
-1,7909
-1,7908
-1,7907
-1,7906
-1,79049
-1,79039
-1,79029
-1,79019
-1,79009
-1,78999
-1,78989
-1,78979
-1,78969
-1,78959
-1,78949
-1,78939
-1,78929
-1,78919
-1,78909
-1,78899
-1,78889
-1,78879
-1,78869
-1,78858
-1,78848
-1,78838
-1,78828
-1,78818
-1,78808
-1,78798
-1,78788
-1,78778
-1,78768
-1,78758
-1,78748
-1,78738
-1,78728
-1,78718
-1,78708
-1,78698
-1,78688
-1,78678
-1,78667
-1,78657
-1,78647
-1,78637
-1,78627
-1,78617
-1,78607
-1,78597
-1,78587
-1,78577
-1,78567
-1,78557
-1,78547
-1,78537
-1,78527
-1,78517
-1,78507
-1,78497
-1,78486
-1,78476
-1,78466
-1,78456
-1,78446
-1,78436
-1,78426
-1,78416
-1,78406
-1,78396
-1,78386
-1,78376
-1,78366
-1,78356
-1,78346
-1,78336
-1,78326
-1,78316
-1,78305
-1,78295
-1,78285
-1,78275
-1,78265
-1,78255
-1,78245
-1,78235
-1,78225
-1,78215
-1,78205
-1,78195
-1,78185
-1,78175
-1,78165
-1,78155
-1,78145
-1,78135
-1,78124
-1,78114
-1,78104
-1,78094
-1,78084
-1,78074
-1,78064
-1,78054
-1,78044
-1,78034
-1,78024
-1,78014
-1,78004
-1,77994
-1,77984
-1,77974
-1,77964
-1,77954
-1,77943
-1,77933
-1,77923
-1,77913
-1,77903
-1,77893
-1,77883
-1,77873
-1,77863
-1,77853
-1,77843
-1,77833
-1,77823
-1,77813
-1,77803
-1,77793
-1,77783
-1,77773
-1,77762
-1,77752
-1,77742
-1,77732
-1,77722
-1,77712
-1,77702
-1,77692
-1,77682
-1,77672
-1,77662
-1,77652
-1,77642
-1,77632
-1,77622
-1,77612
-1,77602
-1,77592
-1,77581
-1,77571
-1,77561
-1,77551
-1,77541
-1,77531
-1,77521
-1,77511
-1,77501
-1,77491
-1,77481
-1,77471
-1,77461
-1,77451
-1,77441
-1,77431
-1,77421
-1,77411
-1,774
-1,7739
-1,7738
-1,7737
-1,7736
-1,7735
-1,7734
-1,7733
-1,7732
-1,7731
-1,773
-1,7729
-1,7728
-1,7727
-1,7726
-1,7725
-1,7724
-1,77229
-1,77219
-1,77209
-1,77199
-1,77189
-1,77179
-1,77169
-1,77159
-1,77149
-1,77139
-1,77129
-1,77119
-1,77109
-1,77099
-1,77089
-1,77079
-1,77069
-1,77058
-1,77048
-1,77038
-1,77028
-1,77018
-1,77008
-1,76998
-1,76988
-1,76978
-1,76968
-1,76958
-1,76948
-1,76938
-1,76928
-1,76918
-1,76908
-1,76898
-1,76888
-1,76877
-1,76867
-1,76857
-1,76847
-1,76837
-1,76827
-1,76817
-1,76807
-1,76797
-1,76787
-1,76777
-1,76767
-1,76757
-1,76747
-1,76737
-1,76727
-1,76717
-1,76706
-1,76696
-1,76686
-1,76676
-1,76666
-1,76656
-1,76646
-1,76636
-1,76626
-1,76616
-1,76606
-1,76596
-1,76586
-1,76576
-1,76566
-1,76556
-1,76546
-1,76535
-1,76525
-1,76515
-1,76505
-1,76495
-1,76485
-1,76475
-1,76465
-1,76455
-1,76445
-1,76435
-1,76425
-1,76415
-1,76405
-1,76395
-1,76385
-1,76375
-1,76364
-1,76354
-1,76344
-1,76334
-1,76324
-1,76314
-1,76304
-1,76294
-1,76284
-1,76274
-1,76264
-1,76254
-1,76244
-1,76234
-1,76224
-1,76214
-1,76204
-1,76193
-1,76183
-1,76173
-1,76163
-1,76153
-1,76143
-1,76133
-1,76123
-1,76113
-1,76103
-1,76093
-1,76083
-1,76073
-1,76063
-1,76053
-1,76043
-1,76033
-1,76022
-1,76012
-1,76002
-1,75992
-1,75982
-1,75972
-1,75962
-1,75952
-1,75942
-1,75932
-1,75922
-1,75912
-1,75902
-1,75892
-1,75882
-1,75872
-1,75861
-1,75851
-1,75841
-1,75831
-1,75821
-1,75811
-1,75801
-1,75791
-1,75781
-1,75771
-1,75761
-1,75751
-1,75741
-1,75731
-1,75721
-1,75711
-1,75701
-1,7569
-1,7568
-1,7567
-1,7566
-1,7565
-1,7564
-1,7563
-1,7562
-1,7561
-1,756
-1,7559
-1,7558
-1,7557
-1,7556
-1,7555
-1,7554
-1,75529
-1,75519
-1,75509
-1,75499
-1,75489
-1,75479
-1,75469
-1,75459
-1,75449
-1,75439
-1,75429
-1,75419
-1,75409
-1,75399
-1,75389
-1,75379
-1,75368
-1,75358
-1,75348
-1,75338
-1,75328
-1,75318
-1,75308
-1,75298
-1,75288
-1,75278
-1,75268
-1,75258
-1,75248
-1,75238
-1,75228
-1,75218
-1,75208
-1,75197
-1,75187
-1,75177
-1,75167
-1,75157
-1,75147
-1,75137
-1,75127
-1,75117
-1,75107
-1,75097
-1,75087
-1,75077
-1,75067
-1,75057
-1,75047
-1,75036
-1,75026
-1,75016
-1,75006
-1,74996
-1,74986
-1,74976
-1,74966
-1,74956
-1,74946
-1,74936
-1,74926
-1,74916
-1,74906
-1,74896
-1,74886
-1,74875
-1,74865
-1,74855
-1,74845
-1,74835
-1,74825
-1,74815
-1,74805
-1,74795
-1,74785
-1,74775
-1,74765
-1,74755
-1,74745
-1,74735
-1,74725
-1,74714
-1,74704
-1,74694
-1,74684
-1,74674
-1,74664
-1,74654
-1,74644
-1,74634
-1,74624
-1,74614
-1,74604
-1,74594
-1,74584
-1,74574
-1,74564
-1,74553
-1,74543
-1,74533
-1,74523
-1,74513
-1,74503
-1,74493
-1,74483
-1,74473
-1,74463
-1,74453
-1,74443
-1,74433
-1,74423
-1,74413
-1,74403
-1,74392
-1,74382
-1,74372
-1,74362
-1,74352
-1,74342
-1,74332
-1,74322
-1,74312
-1,74302
-1,74292
-1,74282
-1,74272
-1,74262
-1,74252
-1,74241
-1,74231
-1,74221
-1,74211
-1,74201
-1,74191
-1,74181
-1,74171
-1,74161
-1,74151
-1,74141
-1,74131
-1,74121
-1,74111
-1,74101
-1,74091
-1,7408
-1,7407
-1,7406
-1,7405
-1,7404
-1,7403
-1,7402
-1,7401
-1,74
-1,7399
-1,7398
-1,7397
-1,7396
-1,7395
-1,7394
-1,73929
-1,73919
-1,73909
-1,73899
-1,73889
-1,73879
-1,73869
-1,73859
-1,73849
-1,73839
-1,73829
-1,73819
-1,73809
-1,73799
-1,73789
-1,73779
-1,73768
-1,73758
-1,73748
-1,73738
-1,73728
-1,73718
-1,73708
-1,73698
-1,73688
-1,73678
-1,73668
-1,73658
-1,73648
-1,73638
-1,73628
-1,73617
-1,73607
-1,73597
-1,73587
-1,73577
-1,73567
-1,73557
-1,73547
-1,73537
-1,73527
-1,73517
-1,73507
-1,73497
-1,73487
-1,73477
-1,73467
-1,73456
-1,73446
-1,73436
-1,73426
-1,73416
-1,73406
-1,73396
-1,73386
-1,73376
-1,73366
-1,73356
-1,73346
-1,73336
-1,73326
-1,73316
-1,73305
-1,73295
-1,73285
-1,73275
-1,73265
-1,73255
-1,73245
-1,73235
-1,73225
-1,73215
-1,73205
-1,73195
-1,73185
-1,73175
-1,73165
-1,73154
-1,73144
-1,73134
-1,73124
-1,73114
-1,73104
-1,73094
-1,73084
-1,73074
-1,73064
-1,73054
-1,73044
-1,73034
-1,73024
-1,73014
-1,73003
-1,72993
-1,72983
-1,72973
-1,72963
-1,72953
-1,72943
-1,72933
-1,72923
-1,72913
-1,72903
-1,72893
-1,72883
-1,72873
-1,72863
-1,72852
-1,72842
-1,72832
-1,72822
-1,72812
-1,72802
-1,72792
-1,72782
-1,72772
-1,72762
-1,72752
-1,72742
-1,72732
-1,72722
-1,72712
-1,72701
-1,72691
-1,72681
-1,72671
-1,72661
-1,72651
-1,72641
-1,72631
-1,72621
-1,72611
-1,72601
-1,72591
-1,72581
-1,72571
-1,72561
-1,7255
-1,7254
-1,7253
-1,7252
-1,7251
-1,725
-1,7249
-1,7248
-1,7247
-1,7246
-1,7245
-1,7244
-1,7243
-1,7242
-1,7241
-1,72399
-1,72389
-1,72379
-1,72369
-1,72359
-1,72349
-1,72339
-1,72329
-1,72319
-1,72309
-1,72299
-1,72289
-1,72279
-1,72269
-1,72258
-1,72248
-1,72238
-1,72228
-1,72218
-1,72208
-1,72198
-1,72188
-1,72178
-1,72168
-1,72158
-1,72148
-1,72138
-1,72128
-1,72118
-1,72107
-1,72097
-1,72087
-1,72077
-1,72067
-1,72057
-1,72047
-1,72037
-1,72027
-1,72017
-1,72007
-1,71997
-1,71987
-1,71977
-1,71967
-1,71956
-1,71946
-1,71936
-1,71926
-1,71916
-1,71906
-1,71896
-1,71886
-1,71876
-1,71866
-1,71856
-1,71846
-1,71836
-1,71826
-1,71815
-1,71805
-1,71795
-1,71785
-1,71775
-1,71765
-1,71755
-1,71745
-1,71735
-1,71725
-1,71715
-1,71705
-1,71695
-1,71685
-1,71675
-1,71664
-1,71654
-1,71644
-1,71634
-1,71624
-1,71614
-1,71604
-1,71594
-1,71584
-1,71574
-1,71564
-1,71554
-1,71544
-1,71534
-1,71523
-1,71513
-1,71503
-1,71493
-1,71483
-1,71473
-1,71463
-1,71453
-1,71443
-1,71433
-1,71423
-1,71413
-1,71403
-1,71393
-1,71382
-1,71372
-1,71362
-1,71352
-1,71342
-1,71332
-1,71322
-1,71312
-1,71302
-1,71292
-1,71282
-1,71272
-1,71262
-1,71252
-1,71242
-1,71231
-1,71221
-1,71211
-1,71201
-1,71191
-1,71181
-1,71171
-1,71161
-1,71151
-1,71141
-1,71131
-1,71121
-1,71111
-1,71101
-1,7109
-1,7108
-1,7107
-1,7106
-1,7105
-1,7104
-1,7103
-1,7102
-1,7101
-1,71
-1,7099
-1,7098
-1,7097
-1,7096
-1,70949
-1,70939
-1,70929
-1,70919
-1,70909
-1,70899
-1,70889
-1,70879
-1,70869
-1,70859
-1,70849
-1,70839
-1,70829
-1,70819
-1,70808
-1,70798
-1,70788
-1,70778
-1,70768
-1,70758
-1,70748
-1,70738
-1,70728
-1,70718
-1,70708
-1,70698
-1,70688
-1,70678
-1,70667
-1,70657
-1,70647
-1,70637
-1,70627
-1,70617
-1,70607
-1,70597
-1,70587
-1,70577
-1,70567
-1,70557
-1,70547
-1,70537
-1,70526
-1,70516
-1,70506
-1,70496
-1,70486
-1,70476
-1,70466
-1,70456
-1,70446
-1,70436
-1,70426
-1,70416
-1,70406
-1,70396
-1,70385
-1,70375
-1,70365
-1,70355
-1,70345
-1,70335
-1,70325
-1,70315
-1,70305
-1,70295
-1,70285
-1,70275
-1,70265
-1,70255
-1,70244
-1,70234
-1,70224
-1,70214
-1,70204
-1,70194
-1,70184
-1,70174
-1,70164
-1,70154
-1,70144
-1,70134
-1,70124
-1,70113
-1,70103
-1,70093
-1,70083
-1,70073
-1,70063
-1,70053
-1,70043
-1,70033
-1,70023
-1,70013
-1,70003
-1,69993
-1,69983
-1,69972
-1,69962
-1,69952
-1,69942
-1,69932
-1,69922
-1,69912
-1,69902
-1,69892
-1,69882
-1,69872
-1,69862
-1,69852
-1,69842
-1,69831
-1,69821
-1,69811
-1,69801
-1,69791
-1,69781
-1,69771
-1,69761
-1,69751
-1,69741
-1,69731
-1,69721
-1,69711
-1,697
-1,6969
-1,6968
-1,6967
-1,6966
-1,6965
-1,6964
-1,6963
-1,6962
-1,6961
-1,696
-1,6959
-1,6958
-1,6957
-1,69559
-1,69549
-1,69539
-1,69529
-1,69519
-1,69509
-1,69499
-1,69489
-1,69479
-1,69469
-1,69459
-1,69449
-1,69439
-1,69429
-1,69418
-1,69408
-1,69398
-1,69388
-1,69378
-1,69368
-1,69358
-1,69348
-1,69338
-1,69328
-1,69318
-1,69308
-1,69298
-1,69287
-1,69277
-1,69267
-1,69257
-1,69247
-1,69237
-1,69227
-1,69217
-1,69207
-1,69197
-1,69187
-1,69177
-1,69167
-1,69156
-1,69146
-1,69136
-1,69126
-1,69116
-1,69106
-1,69096
-1,69086
-1,69076
-1,69066
-1,69056
-1,69046
-1,69036
-1,69026
-1,69015
-1,69005
-1,68995
-1,68985
-1,68975
-1,68965
-1,68955
-1,68945
-1,68935
-1,68925
-1,68915
-1,68905
-1,68895
-1,68884
-1,68874
-1,68864
-1,68854
-1,68844
-1,68834
-1,68824
-1,68814
-1,68804
-1,68794
-1,68784
-1,68774
-1,68764
-1,68753
-1,68743
-1,68733
-1,68723
-1,68713
-1,68703
-1,68693
-1,68683
-1,68673
-1,68663
-1,68653
-1,68643
-1,68633
-1,68623
-1,68612
-1,68602
-1,68592
-1,68582
-1,68572
-1,68562
-1,68552
-1,68542
-1,68532
-1,68522
-1,68512
-1,68502
-1,68492
-1,68481
-1,68471
-1,68461
-1,68451
-1,68441
-1,68431
-1,68421
-1,68411
-1,68401
-1,68391
-1,68381
-1,68371
-1,68361
-1,6835
-1,6834
-1,6833
-1,6832
-1,6831
-1,683
-1,6829
-1,6828
-1,6827
-1,6826
-1,6825
-1,6824
-1,6823
-1,68219
-1,68209
-1,68199
-1,68189
-1,68179
-1,68169
-1,68159
-1,68149
-1,68139
-1,68129
-1,68119
-1,68109
-1,68099
-1,68088
-1,68078
-1,68068
-1,68058
-1,68048
-1,68038
-1,68028
-1,68018
-1,68008
-1,67998
-1,67988
-1,67978
-1,67968
-1,67957
-1,67947
-1,67937
-1,67927
-1,67917
-1,67907
-1,67897
-1,67887
-1,67877
-1,67867
-1,67857
-1,67847
-1,67837
-1,67826
-1,67816
-1,67806
-1,67796
-1,67786
-1,67776
-1,67766
-1,67756
-1,67746
-1,67736
-1,67726
-1,67716
-1,67706
-1,67695
-1,67685
-1,67675
-1,67665
-1,67655
-1,67645
-1,67635
-1,67625
-1,67615
-1,67605
-1,67595
-1,67585
-1,67574
-1,67564
-1,67554
-1,67544
-1,67534
-1,67524
-1,67514
-1,67504
-1,67494
-1,67484
-1,67474
-1,67464
-1,67454
-1,67443
-1,67433
-1,67423
-1,67413
-1,67403
-1,67393
-1,67383
-1,67373
-1,67363
-1,67353
-1,67343
-1,67333
-1,67323
-1,67312
-1,67302
-1,67292
-1,67282
-1,67272
-1,67262
-1,67252
-1,67242
-1,67232
-1,67222
-1,67212
-1,67202
-1,67192
-1,67181
-1,67171
-1,67161
-1,67151
-1,67141
-1,67131
-1,67121
-1,67111
-1,67101
-1,67091
-1,67081
-1,67071
-1,6706
-1,6705
-1,6704
-1,6703
-1,6702
-1,6701
-1,67
-1,6699
-1,6698
-1,6697
-1,6696
-1,6695
-1,6694
-1,66929
-1,66919
-1,66909
-1,66899
-1,66889
-1,66879
-1,66869
-1,66859
-1,66849
-1,66839
-1,66829
-1,66819
-1,66808
-1,66798
-1,66788
-1,66778
-1,66768
-1,66758
-1,66748
-1,66738
-1,66728
-1,66718
-1,66708
-1,66698
-1,66688
-1,66677
-1,66667
-1,66657
-1,66647
-1,66637
-1,66627
-1,66617
-1,66607
-1,66597
-1,66587
-1,66577
-1,66567
-1,66556
-1,66546
-1,66536
-1,66526
-1,66516
-1,66506
-1,66496
-1,66486
-1,66476
-1,66466
-1,66456
-1,66446
-1,66436
-1,66425
-1,66415
-1,66405
-1,66395
-1,66385
-1,66375
-1,66365
-1,66355
-1,66345
-1,66335
-1,66325
-1,66315
-1,66304
-1,66294
-1,66284
-1,66274
-1,66264
-1,66254
-1,66244
-1,66234
-1,66224
-1,66214
-1,66204
-1,66194
-1,66184
-1,66173
-1,66163
-1,66153
-1,66143
-1,66133
-1,66123
-1,66113
-1,66103
-1,66093
-1,66083
-1,66073
-1,66063
-1,66052
-1,66042
-1,66032
-1,66022
-1,66012
-1,66002
-1,65992
-1,65982
-1,65972
-1,65962
-1,65952
-1,65942
-1,65931
-1,65921
-1,65911
-1,65901
-1,65891
-1,65881
-1,65871
-1,65861
-1,65851
-1,65841
-1,65831
-1,65821
-1,6581
-1,658
-1,6579
-1,6578
-1,6577
-1,6576
-1,6575
-1,6574
-1,6573
-1,6572
-1,6571
-1,657
-1,6569
-1,65679
-1,65669
-1,65659
-1,65649
-1,65639
-1,65629
-1,65619
-1,65609
-1,65599
-1,65589
-1,65579
-1,65569
-1,65558
-1,65548
-1,65538
-1,65528
-1,65518
-1,65508
-1,65498
-1,65488
-1,65478
-1,65468
-1,65458
-1,65448
-1,65437
-1,65427
-1,65417
-1,65407
-1,65397
-1,65387
-1,65377
-1,65367
-1,65357
-1,65347
-1,65337
-1,65327
-1,65316
-1,65306
-1,65296
-1,65286
-1,65276
-1,65266
-1,65256
-1,65246
-1,65236
-1,65226
-1,65216
-1,65206
-1,65195
-1,65185
-1,65175
-1,65165
-1,65155
-1,65145
-1,65135
-1,65125
-1,65115
-1,65105
-1,65095
-1,65085
-1,65074
-1,65064
-1,65054
-1,65044
-1,65034
-1,65024
-1,65014
-1,65004
-1,64994
-1,64984
-1,64974
-1,64964
-1,64953
-1,64943
-1,64933
-1,64923
-1,64913
-1,64903
-1,64893
-1,64883
-1,64873
-1,64863
-1,64853
-1,64843
-1,64832
-1,64822
-1,64812
-1,64802
-1,64792
-1,64782
-1,64772
-1,64762
-1,64752
-1,64742
-1,64732
-1,64722
-1,64711
-1,64701
-1,64691
-1,64681
-1,64671
-1,64661
-1,64651
-1,64641
-1,64631
-1,64621
-1,64611
-1,64601
-1,6459
-1,6458
-1,6457
-1,6456
-1,6455
-1,6454
-1,6453
-1,6452
-1,6451
-1,645
-1,6449
-1,6448
-1,64469
-1,64459
-1,64449
-1,64439
-1,64429
-1,64419
-1,64409
-1,64399
-1,64389
-1,64379
-1,64369
-1,64358
-1,64348
-1,64338
-1,64328
-1,64318
-1,64308
-1,64298
-1,64288
-1,64278
-1,64268
-1,64258
-1,64248
-1,64237
-1,64227
-1,64217
-1,64207
-1,64197
-1,64187
-1,64177
-1,64167
-1,64157
-1,64147
-1,64137
-1,64127
-1,64116
-1,64106
-1,64096
-1,64086
-1,64076
-1,64066
-1,64056
-1,64046
-1,64036
-1,64026
-1,64016
-1,64005
-1,63995
-1,63985
-1,63975
-1,63965
-1,63955
-1,63945
-1,63935
-1,63925
-1,63915
-1,63905
-1,63895
-1,63884
-1,63874
-1,63864
-1,63854
-1,63844
-1,63834
-1,63824
-1,63814
-1,63804
-1,63794
-1,63784
-1,63774
-1,63763
-1,63753
-1,63743
-1,63733
-1,63723
-1,63713
-1,63703
-1,63693
-1,63683
-1,63673
-1,63663
-1,63652
-1,63642
-1,63632
-1,63622
-1,63612
-1,63602
-1,63592
-1,63582
-1,63572
-1,63562
-1,63552
-1,63542
-1,63531
-1,63521
-1,63511
-1,63501
-1,63491
-1,63481
-1,63471
-1,63461
-1,63451
-1,63441
-1,63431
-1,6342
-1,6341
-1,634
-1,6339
-1,6338
-1,6337
-1,6336
-1,6335
-1,6334
-1,6333
-1,6332
-1,6331
-1,63299
-1,63289
-1,63279
-1,63269
-1,63259
-1,63249
-1,63239
-1,63229
-1,63219
-1,63209
-1,63199
-1,63188
-1,63178
-1,63168
-1,63158
-1,63148
-1,63138
-1,63128
-1,63118
-1,63108
-1,63098
-1,63088
-1,63078
-1,63067
-1,63057
-1,63047
-1,63037
-1,63027
-1,63017
-1,63007
-1,62997
-1,62987
-1,62977
-1,62967
-1,62956
-1,62946
-1,62936
-1,62926
-1,62916
-1,62906
-1,62896
-1,62886
-1,62876
-1,62866
-1,62856
-1,62846
-1,62835
-1,62825
-1,62815
-1,62805
-1,62795
-1,62785
-1,62775
-1,62765
-1,62755
-1,62745
-1,62735
-1,62724
-1,62714
-1,62704
-1,62694
-1,62684
-1,62674
-1,62664
-1,62654
-1,62644
-1,62634
-1,62624
-1,62613
-1,62603
-1,62593
-1,62583
-1,62573
-1,62563
-1,62553
-1,62543
-1,62533
-1,62523
-1,62513
-1,62502
-1,62492
-1,62482
-1,62472
-1,62462
-1,62452
-1,62442
-1,62432
-1,62422
-1,62412
-1,62402
-1,62392
-1,62381
-1,62371
-1,62361
-1,62351
-1,62341
-1,62331
-1,62321
-1,62311
-1,62301
-1,62291
-1,62281
-1,6227
-1,6226
-1,6225
-1,6224
-1,6223
-1,6222
-1,6221
-1,622
-1,6219
-1,6218
-1,6217
-1,62159
-1,62149
-1,62139
-1,62129
-1,62119
-1,62109
-1,62099
-1,62089
-1,62079
-1,62069
-1,62059
-1,62048
-1,62038
-1,62028
-1,62018
-1,62008
-1,61998
-1,61988
-1,61978
-1,61968
-1,61958
-1,61948
-1,61937
-1,61927
-1,61917
-1,61907
-1,61897
-1,61887
-1,61877
-1,61867
-1,61857
-1,61847
-1,61837
-1,61826
-1,61816
-1,61806
-1,61796
-1,61786
-1,61776
-1,61766
-1,61756
-1,61746
-1,61736
-1,61726
-1,61716
-1,61705
-1,61695
-1,61685
-1,61675
-1,61665
-1,61655
-1,61645
-1,61635
-1,61625
-1,61615
-1,61605
-1,61594
-1,61584
-1,61574
-1,61564
-1,61554
-1,61544
-1,61534
-1,61524
-1,61514
-1,61504
-1,61494
-1,61483
-1,61473
-1,61463
-1,61453
-1,61443
-1,61433
-1,61423
-1,61413
-1,61403
-1,61393
-1,61383
-1,61372
-1,61362
-1,61352
-1,61342
-1,61332
-1,61322
-1,61312
-1,61302
-1,61292
-1,61282
-1,61272
-1,61261
-1,61251
-1,61241
-1,61231
-1,61221
-1,61211
-1,61201
-1,61191
-1,61181
-1,61171
-1,6116
-1,6115
-1,6114
-1,6113
-1,6112
-1,6111
-1,611
-1,6109
-1,6108
-1,6107
-1,6106
-1,61049
-1,61039
-1,61029
-1,61019
-1,61009
-1,60999
-1,60989
-1,60979
-1,60969
-1,60959
-1,60949
-1,60938
-1,60928
-1,60918
-1,60908
-1,60898
-1,60888
-1,60878
-1,60868
-1,60858
-1,60848
-1,60838
-1,60827
-1,60817
-1,60807
-1,60797
-1,60787
-1,60777
-1,60767
-1,60757
-1,60747
-1,60737
-1,60727
-1,60716
-1,60706
-1,60696
-1,60686
-1,60676
-1,60666
-1,60656
-1,60646
-1,60636
-1,60626
-1,60616
-1,60605
-1,60595
-1,60585
-1,60575
-1,60565
-1,60555
-1,60545
-1,60535
-1,60525
-1,60515
-1,60504
-1,60494
-1,60484
-1,60474
-1,60464
-1,60454
-1,60444
-1,60434
-1,60424
-1,60414
-1,60404
-1,60393
-1,60383
-1,60373
-1,60363
-1,60353
-1,60343
-1,60333
-1,60323
-1,60313
-1,60303
-1,60293
-1,60282
-1,60272
-1,60262
-1,60252
-1,60242
-1,60232
-1,60222
-1,60212
-1,60202
-1,60192
-1,60182
-1,60171
-1,60161
-1,60151
-1,60141
-1,60131
-1,60121
-1,60111
-1,60101
-1,60091
-1,60081
-1,6007
-1,6006
-1,6005
-1,6004
-1,6003
-1,6002
-1,6001
-1,6
-1,5999
-1,5998
-1,5997
-1,59959
-1,59949
-1,59939
-1,59929
-1,59919
-1,59909
-1,59899
-1,59889
-1,59879
-1,59869
-1,59858
-1,59848
-1,59838
-1,59828
-1,59818
-1,59808
-1,59798
-1,59788
-1,59778
-1,59768
-1,59758
-1,59747
-1,59737
-1,59727
-1,59717
-1,59707
-1,59697
-1,59687
-1,59677
-1,59667
-1,59657
-1,59647
-1,59636
-1,59626
-1,59616
-1,59606
-1,59596
-1,59586
-1,59576
-1,59566
-1,59556
-1,59546
-1,59535
-1,59525
-1,59515
-1,59505
-1,59495
-1,59485
-1,59475
-1,59465
-1,59455
-1,59445
-1,59435
-1,59424
-1,59414
-1,59404
-1,59394
-1,59384
-1,59374
-1,59364
-1,59354
-1,59344
-1,59334
-1,59323
-1,59313
-1,59303
-1,59293
-1,59283
-1,59273
-1,59263
-1,59253
-1,59243
-1,59233
-1,59223
-1,59212
-1,59202
-1,59192
-1,59182
-1,59172
-1,59162
-1,59152
-1,59142
-1,59132
-1,59122
-1,59111
-1,59101
-1,59091
-1,59081
-1,59071
-1,59061
-1,59051
-1,59041
-1,59031
-1,59021
-1,59011
-1,59
-1,5899
-1,5898
-1,5897
-1,5896
-1,5895
-1,5894
-1,5893
-1,5892
-1,5891
-1,58899
-1,58889
-1,58879
-1,58869
-1,58859
-1,58849
-1,58839
-1,58829
-1,58819
-1,58809
-1,58798
-1,58788
-1,58778
-1,58768
-1,58758
-1,58748
-1,58738
-1,58728
-1,58718
-1,58708
-1,58698
-1,58687
-1,58677
-1,58667
-1,58657
-1,58647
-1,58637
-1,58627
-1,58617
-1,58607
-1,58597
-1,58586
-1,58576
-1,58566
-1,58556
-1,58546
-1,58536
-1,58526
-1,58516
-1,58506
-1,58496
-1,58485
-1,58475
-1,58465
-1,58455
-1,58445
-1,58435
-1,58425
-1,58415
-1,58405
-1,58395
-1,58385
-1,58374
-1,58364
-1,58354
-1,58344
-1,58334
-1,58324
-1,58314
-1,58304
-1,58294
-1,58284
-1,58273
-1,58263
-1,58253
-1,58243
-1,58233
-1,58223
-1,58213
-1,58203
-1,58193
-1,58183
-1,58172
-1,58162
-1,58152
-1,58142
-1,58132
-1,58122
-1,58112
-1,58102
-1,58092
-1,58082
-1,58071
-1,58061
-1,58051
-1,58041
-1,58031
-1,58021
-1,58011
-1,58001
-1,57991
-1,57981
-1,5797
-1,5796
-1,5795
-1,5794
-1,5793
-1,5792
-1,5791
-1,579
-1,5789
-1,5788
-1,5787
-1,57859
-1,57849
-1,57839
-1,57829
-1,57819
-1,57809
-1,57799
-1,57789
-1,57779
-1,57769
-1,57758
-1,57748
-1,57738
-1,57728
-1,57718
-1,57708
-1,57698
-1,57688
-1,57678
-1,57668
-1,57657
-1,57647
-1,57637
-1,57627
-1,57617
-1,57607
-1,57597
-1,57587
-1,57577
-1,57567
-1,57556
-1,57546
-1,57536
-1,57526
-1,57516
-1,57506
-1,57496
-1,57486
-1,57476
-1,57466
-1,57455
-1,57445
-1,57435
-1,57425
-1,57415
-1,57405
-1,57395
-1,57385
-1,57375
-1,57365
-1,57354
-1,57344
-1,57334
-1,57324
-1,57314
-1,57304
-1,57294
-1,57284
-1,57274
-1,57264
-1,57253
-1,57243
-1,57233
-1,57223
-1,57213
-1,57203
-1,57193
-1,57183
-1,57173
-1,57163
-1,57152
-1,57142
-1,57132
-1,57122
-1,57112
-1,57102
-1,57092
-1,57082
-1,57072
-1,57062
-1,57051
-1,57041
-1,57031
-1,57021
-1,57011
-1,57001
-1,56991
-1,56981
-1,56971
-1,56961
-1,5695
-1,5694
-1,5693
-1,5692
-1,5691
-1,569
-1,5689
-1,5688
-1,5687
-1,5686
-1,56849
-1,56839
-1,56829
-1,56819
-1,56809
-1,56799
-1,56789
-1,56779
-1,56769
-1,56759
-1,56748
-1,56738
-1,56728
-1,56718
-1,56708
-1,56698
-1,56688
-1,56678
-1,56668
-1,56658
-1,56647
-1,56637
-1,56627
-1,56617
-1,56607
-1,56597
-1,56587
-1,56577
-1,56567
-1,56557
-1,56546
-1,56536
-1,56526
-1,56516
-1,56506
-1,56496
-1,56486
-1,56476
-1,56466
-1,56456
-1,56445
-1,56435
-1,56425
-1,56415
-1,56405
-1,56395
-1,56385
-1,56375
-1,56365
-1,56355
-1,56344
-1,56334
-1,56324
-1,56314
-1,56304
-1,56294
-1,56284
-1,56274
-1,56264
-1,56253
-1,56243
-1,56233
-1,56223
-1,56213
-1,56203
-1,56193
-1,56183
-1,56173
-1,56163
-1,56152
-1,56142
-1,56132
-1,56122
-1,56112
-1,56102
-1,56092
-1,56082
-1,56072
-1,56062
-1,56051
-1,56041
-1,56031
-1,56021
-1,56011
-1,56001
-1,55991
-1,55981
-1,55971
-1,55961
-1,5595
-1,5594
-1,5593
-1,5592
-1,5591
-1,559
-1,5589
-1,5588
-1,5587
-1,5586
-1,55849
-1,55839
-1,55829
-1,55819
-1,55809
-1,55799
-1,55789
-1,55779
-1,55769
-1,55758
-1,55748
-1,55738
-1,55728
-1,55718
-1,55708
-1,55698
-1,55688
-1,55678
-1,55668
-1,55657
-1,55647
-1,55637
-1,55627
-1,55617
-1,55607
-1,55597
-1,55587
-1,55577
-1,55567
-1,55556
-1,55546
-1,55536
-1,55526
-1,55516
-1,55506
-1,55496
-1,55486
-1,55476
-1,55465
-1,55455
-1,55445
-1,55435
-1,55425
-1,55415
-1,55405
-1,55395
-1,55385
-1,55375
-1,55364
-1,55354
-1,55344
-1,55334
-1,55324
-1,55314
-1,55304
-1,55294
-1,55284
-1,55274
-1,55263
-1,55253
-1,55243
-1,55233
-1,55223
-1,55213
-1,55203
-1,55193
-1,55183
-1,55172
-1,55162
-1,55152
-1,55142
-1,55132
-1,55122
-1,55112
-1,55102
-1,55092
-1,55082
-1,55071
-1,55061
-1,55051
-1,55041
-1,55031
-1,55021
-1,55011
-1,55001
-1,54991
-1,54981
-1,5497
-1,5496
-1,5495
-1,5494
-1,5493
-1,5492
-1,5491
-1,549
-1,5489
-1,54879
-1,54869
-1,54859
-1,54849
-1,54839
-1,54829
-1,54819
-1,54809
-1,54799
-1,54789
-1,54778
-1,54768
-1,54758
-1,54748
-1,54738
-1,54728
-1,54718
-1,54708
-1,54698
-1,54687
-1,54677
-1,54667
-1,54657
-1,54647
-1,54637
-1,54627
-1,54617
-1,54607
-1,54597
-1,54586
-1,54576
-1,54566
-1,54556
-1,54546
-1,54536
-1,54526
-1,54516
-1,54506
-1,54495
-1,54485
-1,54475
-1,54465
-1,54455
-1,54445
-1,54435
-1,54425
-1,54415
-1,54405
-1,54394
-1,54384
-1,54374
-1,54364
-1,54354
-1,54344
-1,54334
-1,54324
-1,54314
-1,54303
-1,54293
-1,54283
-1,54273
-1,54263
-1,54253
-1,54243
-1,54233
-1,54223
-1,54213
-1,54202
-1,54192
-1,54182
-1,54172
-1,54162
-1,54152
-1,54142
-1,54132
-1,54122
-1,54111
-1,54101
-1,54091
-1,54081
-1,54071
-1,54061
-1,54051
-1,54041
-1,54031
-1,5402
-1,5401
-1,54
-1,5399
-1,5398
-1,5397
-1,5396
-1,5395
-1,5394
-1,5393
-1,53919
-1,53909
-1,53899
-1,53889
-1,53879
-1,53869
-1,53859
-1,53849
-1,53839
-1,53828
-1,53818
-1,53808
-1,53798
-1,53788
-1,53778
-1,53768
-1,53758
-1,53748
-1,53738
-1,53727
-1,53717
-1,53707
-1,53697
-1,53687
-1,53677
-1,53667
-1,53657
-1,53647
-1,53636
-1,53626
-1,53616
-1,53606
-1,53596
-1,53586
-1,53576
-1,53566
-1,53556
-1,53545
-1,53535
-1,53525
-1,53515
-1,53505
-1,53495
-1,53485
-1,53475
-1,53465
-1,53455
-1,53444
-1,53434
-1,53424
-1,53414
-1,53404
-1,53394
-1,53384
-1,53374
-1,53364
-1,53353
-1,53343
-1,53333
-1,53323
-1,53313
-1,53303
-1,53293
-1,53283
-1,53273
-1,53262
-1,53252
-1,53242
-1,53232
-1,53222
-1,53212
-1,53202
-1,53192
-1,53182
-1,53171
-1,53161
-1,53151
-1,53141
-1,53131
-1,53121
-1,53111
-1,53101
-1,53091
-1,53081
-1,5307
-1,5306
-1,5305
-1,5304
-1,5303
-1,5302
-1,5301
-1,53
-1,5299
-1,52979
-1,52969
-1,52959
-1,52949
-1,52939
-1,52929
-1,52919
-1,52909
-1,52899
-1,52888
-1,52878
-1,52868
-1,52858
-1,52848
-1,52838
-1,52828
-1,52818
-1,52808
-1,52797
-1,52787
-1,52777
-1,52767
-1,52757
-1,52747
-1,52737
-1,52727
-1,52717
-1,52706
-1,52696
-1,52686
-1,52676
-1,52666
-1,52656
-1,52646
-1,52636
-1,52626
-1,52616
-1,52605
-1,52595
-1,52585
-1,52575
-1,52565
-1,52555
-1,52545
-1,52535
-1,52525
-1,52514
-1,52504
-1,52494
-1,52484
-1,52474
-1,52464
-1,52454
-1,52444
-1,52434
-1,52423
-1,52413
-1,52403
-1,52393
-1,52383
-1,52373
-1,52363
-1,52353
-1,52343
-1,52332
-1,52322
-1,52312
-1,52302
-1,52292
-1,52282
-1,52272
-1,52262
-1,52252
-1,52241
-1,52231
-1,52221
-1,52211
-1,52201
-1,52191
-1,52181
-1,52171
-1,52161
-1,5215
-1,5214
-1,5213
-1,5212
-1,5211
-1,521
-1,5209
-1,5208
-1,5207
-1,52059
-1,52049
-1,52039
-1,52029
-1,52019
-1,52009
-1,51999
-1,51989
-1,51979
-1,51968
-1,51958
-1,51948
-1,51938
-1,51928
-1,51918
-1,51908
-1,51898
-1,51888
-1,51877
-1,51867
-1,51857
-1,51847
-1,51837
-1,51827
-1,51817
-1,51807
-1,51797
-1,51786
-1,51776
-1,51766
-1,51756
-1,51746
-1,51736
-1,51726
-1,51716
-1,51706
-1,51695
-1,51685
-1,51675
-1,51665
-1,51655
-1,51645
-1,51635
-1,51625
-1,51615
-1,51604
-1,51594
-1,51584
-1,51574
-1,51564
-1,51554
-1,51544
-1,51534
-1,51524
-1,51513
-1,51503
-1,51493
-1,51483
-1,51473
-1,51463
-1,51453
-1,51443
-1,51433
-1,51422
-1,51412
-1,51402
-1,51392
-1,51382
-1,51372
-1,51362
-1,51352
-1,51342
-1,51331
-1,51321
-1,51311
-1,51301
-1,51291
-1,51281
-1,51271
-1,51261
-1,51251
-1,5124
-1,5123
-1,5122
-1,5121
-1,512
-1,5119
-1,5118
-1,5117
-1,5116
-1,51149
-1,51139
-1,51129
-1,51119
-1,51109
-1,51099
-1,51089
-1,51079
-1,51069
-1,51058
-1,51048
-1,51038
-1,51028
-1,51018
-1,51008
-1,50998
-1,50988
-1,50978
-1,50967
-1,50957
-1,50947
-1,50937
-1,50927
-1,50917
-1,50907
-1,50897
-1,50887
-1,50876
-1,50866
-1,50856
-1,50846
-1,50836
-1,50826
-1,50816
-1,50806
-1,50796
-1,50785
-1,50775
-1,50765
-1,50755
-1,50745
-1,50735
-1,50725
-1,50715
-1,50705
-1,50694
-1,50684
-1,50674
-1,50664
-1,50654
-1,50644
-1,50634
-1,50624
-1,50614
-1,50603
-1,50593
-1,50583
-1,50573
-1,50563
-1,50553
-1,50543
-1,50533
-1,50522
-1,50512
-1,50502
-1,50492
-1,50482
-1,50472
-1,50462
-1,50452
-1,50442
-1,50431
-1,50421
-1,50411
-1,50401
-1,50391
-1,50381
-1,50371
-1,50361
-1,50351
-1,5034
-1,5033
-1,5032
-1,5031
-1,503
-1,5029
-1,5028
-1,5027
-1,5026
-1,50249
-1,50239
-1,50229
-1,50219
-1,50209
-1,50199
-1,50189
-1,50179
-1,50169
-1,50158
-1,50148
-1,50138
-1,50128
-1,50118
-1,50108
-1,50098
-1,50088
-1,50077
-1,50067
-1,50057
-1,50047
-1,50037
-1,50027
-1,50017
-1,50007
-1,49997
-1,49986
-1,49976
-1,49966
-1,49956
-1,49946
-1,49936
-1,49926
-1,49916
-1,49906
-1,49895
-1,49885
-1,49875
-1,49865
-1,49855
-1,49845
-1,49835
-1,49825
-1,49814
-1,49804
-1,49794
-1,49784
-1,49774
-1,49764
-1,49754
-1,49744
-1,49734
-1,49723
-1,49713
-1,49703
-1,49693
-1,49683
-1,49673
-1,49663
-1,49653
-1,49643
-1,49632
-1,49622
-1,49612
-1,49602
-1,49592
-1,49582
-1,49572
-1,49562
-1,49552
-1,49541
-1,49531
-1,49521
-1,49511
-1,49501
-1,49491
-1,49481
-1,49471
-1,4946
-1,4945
-1,4944
-1,4943
-1,4942
-1,4941
-1,494
-1,4939
-1,4938
-1,49369
-1,49359
-1,49349
-1,49339
-1,49329
-1,49319
-1,49309
-1,49299
-1,49288
-1,49278
-1,49268
-1,49258
-1,49248
-1,49238
-1,49228
-1,49218
-1,49208
-1,49197
-1,49187
-1,49177
-1,49167
-1,49157
-1,49147
-1,49137
-1,49127
-1,49117
-1,49106
-1,49096
-1,49086
-1,49076
-1,49066
-1,49056
-1,49046
-1,49036
-1,49025
-1,49015
-1,49005
-1,48995
-1,48985
-1,48975
-1,48965
-1,48955
-1,48945
-1,48934
-1,48924
-1,48914
-1,48904
-1,48894
-1,48884
-1,48874
-1,48864
-1,48853
-1,48843
-1,48833
-1,48823
-1,48813
-1,48803
-1,48793
-1,48783
-1,48773
-1,48762
-1,48752
-1,48742
-1,48732
-1,48722
-1,48712
-1,48702
-1,48692
-1,48682
-1,48671
-1,48661
-1,48651
-1,48641
-1,48631
-1,48621
-1,48611
-1,48601
-1,4859
-1,4858
-1,4857
-1,4856
-1,4855
-1,4854
-1,4853
-1,4852
-1,4851
-1,48499
-1,48489
-1,48479
-1,48469
-1,48459
-1,48449
-1,48439
-1,48429
-1,48418
-1,48408
-1,48398
-1,48388
-1,48378
-1,48368
-1,48358
-1,48348
-1,48338
-1,48327
-1,48317
-1,48307
-1,48297
-1,48287
-1,48277
-1,48267
-1,48257
-1,48246
-1,48236
-1,48226
-1,48216
-1,48206
-1,48196
-1,48186
-1,48176
-1,48166
-1,48155
-1,48145
-1,48135
-1,48125
-1,48115
-1,48105
-1,48095
-1,48085
-1,48074
-1,48064
-1,48054
-1,48044
-1,48034
-1,48024
-1,48014
-1,48004
-1,47994
-1,47983
-1,47973
-1,47963
-1,47953
-1,47943
-1,47933
-1,47923
-1,47913
-1,47902
-1,47892
-1,47882
-1,47872
-1,47862
-1,47852
-1,47842
-1,47832
-1,47821
-1,47811
-1,47801
-1,47791
-1,47781
-1,47771
-1,47761
-1,47751
-1,47741
-1,4773
-1,4772
-1,4771
-1,477
-1,4769
-1,4768
-1,4767
-1,4766
-1,47649
-1,47639
-1,47629
-1,47619
-1,47609
-1,47599
-1,47589
-1,47579
-1,47569
-1,47558
-1,47548
-1,47538
-1,47528
-1,47518
-1,47508
-1,47498
-1,47488
-1,47477
-1,47467
-1,47457
-1,47447
-1,47437
-1,47427
-1,47417
-1,47407
-1,47396
-1,47386
-1,47376
-1,47366
-1,47356
-1,47346
-1,47336
-1,47326
-1,47316
-1,47305
-1,47295
-1,47285
-1,47275
-1,47265
-1,47255
-1,47245
-1,47235
-1,47224
-1,47214
-1,47204
-1,47194
-1,47184
-1,47174
-1,47164
-1,47154
-1,47143
-1,47133
-1,47123
-1,47113
-1,47103
-1,47093
-1,47083
-1,47073
-1,47063
-1,47052
-1,47042
-1,47032
-1,47022
-1,47012
-1,47002
-1,46992
-1,46982
-1,46971
-1,46961
-1,46951
-1,46941
-1,46931
-1,46921
-1,46911
-1,46901
-1,4689
-1,4688
-1,4687
-1,4686
-1,4685
-1,4684
-1,4683
-1,4682
-1,4681
-1,46799
-1,46789
-1,46779
-1,46769
-1,46759
-1,46749
-1,46739
-1,46729
-1,46718
-1,46708
-1,46698
-1,46688
-1,46678
-1,46668
-1,46658
-1,46648
-1,46637
-1,46627
-1,46617
-1,46607
-1,46597
-1,46587
-1,46577
-1,46567
-1,46556
-1,46546
-1,46536
-1,46526
-1,46516
-1,46506
-1,46496
-1,46486
-1,46476
-1,46465
-1,46455
-1,46445
-1,46435
-1,46425
-1,46415
-1,46405
-1,46395
-1,46384
-1,46374
-1,46364
-1,46354
-1,46344
-1,46334
-1,46324
-1,46314
-1,46303
-1,46293
-1,46283
-1,46273
-1,46263
-1,46253
-1,46243
-1,46233
-1,46222
-1,46212
-1,46202
-1,46192
-1,46182
-1,46172
-1,46162
-1,46152
-1,46142
-1,46131
-1,46121
-1,46111
-1,46101
-1,46091
-1,46081
-1,46071
-1,46061
-1,4605
-1,4604
-1,4603
-1,4602
-1,4601
-1,46
-1,4599
-1,4598
-1,45969
-1,45959
-1,45949
-1,45939
-1,45929
-1,45919
-1,45909
-1,45899
-1,45888
-1,45878
-1,45868
-1,45858
-1,45848
-1,45838
-1,45828
-1,45818
-1,45807
-1,45797
-1,45787
-1,45777
-1,45767
-1,45757
-1,45747
-1,45737
-1,45726
-1,45716
-1,45706
-1,45696
-1,45686
-1,45676
-1,45666
-1,45656
-1,45645
-1,45635
-1,45625
-1,45615
-1,45605
-1,45595
-1,45585
-1,45575
-1,45565
-1,45554
-1,45544
-1,45534
-1,45524
-1,45514
-1,45504
-1,45494
-1,45484
-1,45473
-1,45463
-1,45453
-1,45443
-1,45433
-1,45423
-1,45413
-1,45403
-1,45392
-1,45382
-1,45372
-1,45362
-1,45352
-1,45342
-1,45332
-1,45322
-1,45311
-1,45301
-1,45291
-1,45281
-1,45271
-1,45261
-1,45251
-1,45241
-1,4523
-1,4522
-1,4521
-1,452
-1,4519
-1,4518
-1,4517
-1,4516
-1,45149
-1,45139
-1,45129
-1,45119
-1,45109
-1,45099
-1,45089
-1,45079
-1,45068
-1,45058
-1,45048
-1,45038
-1,45028
-1,45018
-1,45008
-1,44998
-1,44987
-1,44977
-1,44967
-1,44957
-1,44947
-1,44937
-1,44927
-1,44917
-1,44906
-1,44896
-1,44886
-1,44876
-1,44866
-1,44856
-1,44846
-1,44836
-1,44825
-1,44815
-1,44805
-1,44795
-1,44785
-1,44775
-1,44765
-1,44755
-1,44744
-1,44734
-1,44724
-1,44714
-1,44704
-1,44694
-1,44684
-1,44674
-1,44663
-1,44653
-1,44643
-1,44633
-1,44623
-1,44613
-1,44603
-1,44593
-1,44582
-1,44572
-1,44562
-1,44552
-1,44542
-1,44532
-1,44522
-1,44512
-1,44501
-1,44491
-1,44481
-1,44471
-1,44461
-1,44451
-1,44441
-1,44431
-1,4442
-1,4441
-1,444
-1,4439
-1,4438
-1,4437
-1,4436
-1,4435
-1,44339
-1,44329
-1,44319
-1,44309
-1,44299
-1,44289
-1,44279
-1,44269
-1,44258
-1,44248
-1,44238
-1,44228
-1,44218
-1,44208
-1,44198
-1,44188
-1,44177
-1,44167
-1,44157
-1,44147
-1,44137
-1,44127
-1,44117
-1,44107
-1,44096
-1,44086
-1,44076
-1,44066
-1,44056
-1,44046
-1,44036
-1,44026
-1,44015
-1,44005
-1,43995
-1,43985
-1,43975
-1,43965
-1,43955
-1,43945
-1,43934
-1,43924
-1,43914
-1,43904
-1,43894
-1,43884
-1,43874
-1,43864
-1,43853
-1,43843
-1,43833
-1,43823
-1,43813
-1,43803
-1,43793
-1,43783
-1,43772
-1,43762
-1,43752
-1,43742
-1,43732
-1,43722
-1,43712
-1,43702
-1,43691
-1,43681
-1,43671
-1,43661
-1,43651
-1,43641
-1,43631
-1,4362
-1,4361
-1,436
-1,4359
-1,4358
-1,4357
-1,4356
-1,4355
-1,43539
-1,43529
-1,43519
-1,43509
-1,43499
-1,43489
-1,43479
-1,43469
-1,43458
-1,43448
-1,43438
-1,43428
-1,43418
-1,43408
-1,43398
-1,43388
-1,43377
-1,43367
-1,43357
-1,43347
-1,43337
-1,43327
-1,43317
-1,43307
-1,43296
-1,43286
-1,43276
-1,43266
-1,43256
-1,43246
-1,43236
-1,43226
-1,43215
-1,43205
-1,43195
-1,43185
-1,43175
-1,43165
-1,43155
-1,43145
-1,43134
-1,43124
-1,43114
-1,43104
-1,43094
-1,43084
-1,43074
-1,43063
-1,43053
-1,43043
-1,43033
-1,43023
-1,43013
-1,43003
-1,42993
-1,42982
-1,42972
-1,42962
-1,42952
-1,42942
-1,42932
-1,42922
-1,42912
-1,42901
-1,42891
-1,42881
-1,42871
-1,42861
-1,42851
-1,42841
-1,42831
-1,4282
-1,4281
-1,428
-1,4279
-1,4278
-1,4277
-1,4276
-1,4275
-1,42739
-1,42729
-1,42719
-1,42709
-1,42699
-1,42689
-1,42679
-1,42668
-1,42658
-1,42648
-1,42638
-1,42628
-1,42618
-1,42608
-1,42598
-1,42587
-1,42577
-1,42567
-1,42557
-1,42547
-1,42537
-1,42527
-1,42517
-1,42506
-1,42496
-1,42486
-1,42476
-1,42466
-1,42456
-1,42446
-1,42436
-1,42425
-1,42415
-1,42405
-1,42395
-1,42385
-1,42375
-1,42365
-1,42354
-1,42344
-1,42334
-1,42324
-1,42314
-1,42304
-1,42294
-1,42284
-1,42273
-1,42263
-1,42253
-1,42243
-1,42233
-1,42223
-1,42213
-1,42203
-1,42192
-1,42182
-1,42172
-1,42162
-1,42152
-1,42142
-1,42132
-1,42121
-1,42111
-1,42101
-1,42091
-1,42081
-1,42071
-1,42061
-1,42051
-1,4204
-1,4203
-1,4202
-1,4201
-1,42
-1,4199
-1,4198
-1,4197
-1,41959
-1,41949
-1,41939
-1,41929
-1,41919
-1,41909
-1,41899
-1,41888
-1,41878
-1,41868
-1,41858
-1,41848
-1,41838
-1,41828
-1,41818
-1,41807
-1,41797
-1,41787
-1,41777
-1,41767
-1,41757
-1,41747
-1,41737
-1,41726
-1,41716
-1,41706
-1,41696
-1,41686
-1,41676
-1,41666
-1,41655
-1,41645
-1,41635
-1,41625
-1,41615
-1,41605
-1,41595
-1,41585
-1,41574
-1,41564
-1,41554
-1,41544
-1,41534
-1,41524
-1,41514
-1,41504
-1,41493
-1,41483
-1,41473
-1,41463
-1,41453
-1,41443
-1,41433
-1,41422
-1,41412
-1,41402
-1,41392
-1,41382
-1,41372
-1,41362
-1,41352
-1,41341
-1,41331
-1,41321
-1,41311
-1,41301
-1,41291
-1,41281
-1,41271
-1,4126
-1,4125
-1,4124
-1,4123
-1,4122
-1,4121
-1,412
-1,41189
-1,41179
-1,41169
-1,41159
-1,41149
-1,41139
-1,41129
-1,41119
-1,41108
-1,41098
-1,41088
-1,41078
-1,41068
-1,41058
-1,41048
-1,41037
-1,41027
-1,41017
-1,41007
-1,40997
-1,40987
-1,40977
-1,40967
-1,40956
-1,40946
-1,40936
-1,40926
-1,40916
-1,40906
-1,40896
-1,40886
-1,40875
-1,40865
-1,40855
-1,40845
-1,40835
-1,40825
-1,40815
-1,40804
-1,40794
-1,40784
-1,40774
-1,40764
-1,40754
-1,40744
-1,40734
-1,40723
-1,40713
-1,40703
-1,40693
-1,40683
-1,40673
-1,40663
-1,40652
-1,40642
-1,40632
-1,40622
-1,40612
-1,40602
-1,40592
-1,40582
-1,40571
-1,40561
-1,40551
-1,40541
-1,40531
-1,40521
-1,40511
-1,405
-1,4049
-1,4048
-1,4047
-1,4046
-1,4045
-1,4044
-1,4043
-1,40419
-1,40409
-1,40399
-1,40389
-1,40379
-1,40369
-1,40359
-1,40348
-1,40338
-1,40328
-1,40318
-1,40308
-1,40298
-1,40288
-1,40278
-1,40267
-1,40257
-1,40247
-1,40237
-1,40227
-1,40217
-1,40207
-1,40196
-1,40186
-1,40176
-1,40166
-1,40156
-1,40146
-1,40136
-1,40126
-1,40115
-1,40105
-1,40095
-1,40085
-1,40075
-1,40065
-1,40055
-1,40044
-1,40034
-1,40024
-1,40014
-1,40004
-1,39994
-1,39984
-1,39974
-1,39963
-1,39953
-1,39943
-1,39933
-1,39923
-1,39913
-1,39903
-1,39892
-1,39882
-1,39872
-1,39862
-1,39852
-1,39842
-1,39832
-1,39822
-1,39811
-1,39801
-1,39791
-1,39781
-1,39771
-1,39761
-1,39751
-1,3974
-1,3973
-1,3972
-1,3971
-1,397
-1,3969
-1,3968
-1,39669
-1,39659
-1,39649
-1,39639
-1,39629
-1,39619
-1,39609
-1,39599
-1,39588
-1,39578
-1,39568
-1,39558
-1,39548
-1,39538
-1,39528
-1,39517
-1,39507
-1,39497
-1,39487
-1,39477
-1,39467
-1,39457
-1,39447
-1,39436
-1,39426
-1,39416
-1,39406
-1,39396
-1,39386
-1,39376
-1,39365
-1,39355
-1,39345
-1,39335
-1,39325
-1,39315
-1,39305
-1,39295
-1,39284
-1,39274
-1,39264
-1,39254
-1,39244
-1,39234
-1,39224
-1,39213
-1,39203
-1,39193
-1,39183
-1,39173
-1,39163
-1,39153
-1,39142
-1,39132
-1,39122
-1,39112
-1,39102
-1,39092
-1,39082
-1,39072
-1,39061
-1,39051
-1,39041
-1,39031
-1,39021
-1,39011
-1,39001
-1,3899
-1,3898
-1,3897
-1,3896
-1,3895
-1,3894
-1,3893
-1,38919
-1,38909
-1,38899
-1,38889
-1,38879
-1,38869
-1,38859
-1,38849
-1,38838
-1,38828
-1,38818
-1,38808
-1,38798
-1,38788
-1,38778
-1,38767
-1,38757
-1,38747
-1,38737
-1,38727
-1,38717
-1,38707
-1,38696
-1,38686
-1,38676
-1,38666
-1,38656
-1,38646
-1,38636
-1,38626
-1,38615
-1,38605
-1,38595
-1,38585
-1,38575
-1,38565
-1,38555
-1,38544
-1,38534
-1,38524
-1,38514
-1,38504
-1,38494
-1,38484
-1,38473
-1,38463
-1,38453
-1,38443
-1,38433
-1,38423
-1,38413
-1,38403
-1,38392
-1,38382
-1,38372
-1,38362
-1,38352
-1,38342
-1,38332
-1,38321
-1,38311
-1,38301
-1,38291
-1,38281
-1,38271
-1,38261
-1,3825
-1,3824
-1,3823
-1,3822
-1,3821
-1,382
-1,3819
-1,3818
-1,38169
-1,38159
-1,38149
-1,38139
-1,38129
-1,38119
-1,38109
-1,38098
-1,38088
-1,38078
-1,38068
-1,38058
-1,38048
-1,38038
-1,38027
-1,38017
-1,38007
-1,37997
-1,37987
-1,37977
-1,37967
-1,37956
-1,37946
-1,37936
-1,37926
-1,37916
-1,37906
-1,37896
-1,37886
-1,37875
-1,37865
-1,37855
-1,37845
-1,37835
-1,37825
-1,37815
-1,37804
-1,37794
-1,37784
-1,37774
-1,37764
-1,37754
-1,37744
-1,37733
-1,37723
-1,37713
-1,37703
-1,37693
-1,37683
-1,37673
-1,37662
-1,37652
-1,37642
-1,37632
-1,37622
-1,37612
-1,37602
-1,37592
-1,37581
-1,37571
-1,37561
-1,37551
-1,37541
-1,37531
-1,37521
-1,3751
-1,375
-1,3749
-1,3748
-1,3747
-1,3746
-1,3745
-1,37439
-1,37429
-1,37419
-1,37409
-1,37399
-1,37389
-1,37379
-1,37368
-1,37358
-1,37348
-1,37338
-1,37328
-1,37318
-1,37308
-1,37297
-1,37287
-1,37277
-1,37267
-1,37257
-1,37247
-1,37237
-1,37227
-1,37216
-1,37206
-1,37196
-1,37186
-1,37176
-1,37166
-1,37156
-1,37145
-1,37135
-1,37125
-1,37115
-1,37105
-1,37095
-1,37085
-1,37074
-1,37064
-1,37054
-1,37044
-1,37034
-1,37024
-1,37014
-1,37003
-1,36993
-1,36983
-1,36973
-1,36963
-1,36953
-1,36943
-1,36932
-1,36922
-1,36912
-1,36902
-1,36892
-1,36882
-1,36872
-1,36861
-1,36851
-1,36841
-1,36831
-1,36821
-1,36811
-1,36801
-1,36791
-1,3678
-1,3677
-1,3676
-1,3675
-1,3674
-1,3673
-1,3672
-1,36709
-1,36699
-1,36689
-1,36679
-1,36669
-1,36659
-1,36649
-1,36638
-1,36628
-1,36618
-1,36608
-1,36598
-1,36588
-1,36578
-1,36567
-1,36557
-1,36547
-1,36537
-1,36527
-1,36517
-1,36507
-1,36496
-1,36486
-1,36476
-1,36466
-1,36456
-1,36446
-1,36436
-1,36425
-1,36415
-1,36405
-1,36395
-1,36385
-1,36375
-1,36365
-1,36354
-1,36344
-1,36334
-1,36324
-1,36314
-1,36304
-1,36294
-1,36283
-1,36273
-1,36263
-1,36253
-1,36243
-1,36233
-1,36223
-1,36212
-1,36202
-1,36192
-1,36182
-1,36172
-1,36162
-1,36152
-1,36142
-1,36131
-1,36121
-1,36111
-1,36101
-1,36091
-1,36081
-1,36071
-1,3606
-1,3605
-1,3604
-1,3603
-1,3602
-1,3601
-1,36
-1,35989
-1,35979
-1,35969
-1,35959
-1,35949
-1,35939
-1,35929
-1,35918
-1,35908
-1,35898
-1,35888
-1,35878
-1,35868
-1,35858
-1,35847
-1,35837
-1,35827
-1,35817
-1,35807
-1,35797
-1,35787
-1,35776
-1,35766
-1,35756
-1,35746
-1,35736
-1,35726
-1,35716
-1,35705
-1,35695
-1,35685
-1,35675
-1,35665
-1,35655
-1,35645
-1,35634
-1,35624
-1,35614
-1,35604
-1,35594
-1,35584
-1,35574
-1,35563
-1,35553
-1,35543
-1,35533
-1,35523
-1,35513
-1,35503
-1,35492
-1,35482
-1,35472
-1,35462
-1,35452
-1,35442
-1,35432
-1,35421
-1,35411
-1,35401
-1,35391
-1,35381
-1,35371
-1,35361
-1,3535
-1,3534
-1,3533
-1,3532
-1,3531
-1,353
-1,3529
-1,35279
-1,35269
-1,35259
-1,35249
-1,35239
-1,35229
-1,35219
-1,35208
-1,35198
-1,35188
-1,35178
-1,35168
-1,35158
-1,35148
-1,35137
-1,35127
-1,35117
-1,35107
-1,35097
-1,35087
-1,35077
-1,35066
-1,35056
-1,35046
-1,35036
-1,35026
-1,35016
-1,35006
-1,34995
-1,34985
-1,34975
-1,34965
-1,34955
-1,34945
-1,34935
-1,34924
-1,34914
-1,34904
-1,34894
-1,34884
-1,34874
-1,34864
-1,34853
-1,34843
-1,34833
-1,34823
-1,34813
-1,34803
-1,34793
-1,34782
-1,34772
-1,34762
-1,34752
-1,34742
-1,34732
-1,34722
-1,34711
-1,34701
-1,34691
-1,34681
-1,34671
-1,34661
-1,34651
-1,3464
-1,3463
-1,3462
-1,3461
-1,346
-1,3459
-1,3458
-1,34569
-1,34559
-1,34549
-1,34539
-1,34529
-1,34519
-1,34509
-1,34498
-1,34488
-1,34478
-1,34468
-1,34458
-1,34448
-1,34438
-1,34427
-1,34417
-1,34407
-1,34397
-1,34387
-1,34377
-1,34367
-1,34356
-1,34346
-1,34336
-1,34326
-1,34316
-1,34306
-1,34296
-1,34285
-1,34275
-1,34265
-1,34255
-1,34245
-1,34235
-1,34224
-1,34214
-1,34204
-1,34194
-1,34184
-1,34174
-1,34164
-1,34153
-1,34143
-1,34133
-1,34123
-1,34113
-1,34103
-1,34093
-1,34082
-1,34072
-1,34062
-1,34052
-1,34042
-1,34032
-1,34022
-1,34011
-1,34001
-1,33991
-1,33981
-1,33971
-1,33961
-1,33951
-1,3394
-1,3393
-1,3392
-1,3391
-1,339
-1,3389
-1,3388
-1,33869
-1,33859
-1,33849
-1,33839
-1,33829
-1,33819
-1,33809
-1,33798
-1,33788
-1,33778
-1,33768
-1,33758
-1,33748
-1,33738
-1,33727
-1,33717
-1,33707
-1,33697
-1,33687
-1,33677
-1,33666
-1,33656
-1,33646
-1,33636
-1,33626
-1,33616
-1,33606
-1,33595
-1,33585
-1,33575
-1,33565
-1,33555
-1,33545
-1,33535
-1,33524
-1,33514
-1,33504
-1,33494
-1,33484
-1,33474
-1,33464
-1,33453
-1,33443
-1,33433
-1,33423
-1,33413
-1,33403
-1,33393
-1,33382
-1,33372
-1,33362
-1,33352
-1,33342
-1,33332
-1,33322
-1,33311
-1,33301
-1,33291
-1,33281
-1,33271
-1,33261
-1,33251
-1,3324
-1,3323
-1,3322
-1,3321
-1,332
-1,3319
-1,33179
-1,33169
-1,33159
-1,33149
-1,33139
-1,33129
-1,33119
-1,33108
-1,33098
-1,33088
-1,33078
-1,33068
-1,33058
-1,33048
-1,33037
-1,33027
-1,33017
-1,33007
-1,32997
-1,32987
-1,32977
-1,32966
-1,32956
-1,32946
-1,32936
-1,32926
-1,32916
-1,32906
-1,32895
-1,32885
-1,32875
-1,32865
-1,32855
-1,32845
-1,32834
-1,32824
-1,32814
-1,32804
-1,32794
-1,32784
-1,32774
-1,32763
-1,32753
-1,32743
-1,32733
-1,32723
-1,32713
-1,32703
-1,32692
-1,32682
-1,32672
-1,32662
-1,32652
-1,32642
-1,32632
-1,32621
-1,32611
-1,32601
-1,32591
-1,32581
-1,32571
-1,32561
-1,3255
-1,3254
-1,3253
-1,3252
-1,3251
-1,325
-1,32489
-1,32479
-1,32469
-1,32459
-1,32449
-1,32439
-1,32429
-1,32418
-1,32408
-1,32398
-1,32388
-1,32378
-1,32368
-1,32358
-1,32347
-1,32337
-1,32327
-1,32317
-1,32307
-1,32297
-1,32287
-1,32276
-1,32266
-1,32256
-1,32246
-1,32236
-1,32226
-1,32215
-1,32205
-1,32195
-1,32185
-1,32175
-1,32165
-1,32155
-1,32144
-1,32134
-1,32124
-1,32114
-1,32104
-1,32094
-1,32084
-1,32073
-1,32063
-1,32053
-1,32043
-1,32033
-1,32023
-1,32012
-1,32002
-1,31992
-1,31982
-1,31972
-1,31962
-1,31952
-1,31941
-1,31931
-1,31921
-1,31911
-1,31901
-1,31891
-1,31881
-1,3187
-1,3186
-1,3185
-1,3184
-1,3183
-1,3182
-1,3181
-1,31799
-1,31789
-1,31779
-1,31769
-1,31759
-1,31749
-1,31738
-1,31728
-1,31718
-1,31708
-1,31698
-1,31688
-1,31678
-1,31667
-1,31657
-1,31647
-1,31637
-1,31627
-1,31617
-1,31607
-1,31596
-1,31586
-1,31576
-1,31566
-1,31556
-1,31546
-1,31535
-1,31525
-1,31515
-1,31505
-1,31495
-1,31485
-1,31475
-1,31464
-1,31454
-1,31444
-1,31434
-1,31424
-1,31414
-1,31404
-1,31393
-1,31383
-1,31373
-1,31363
-1,31353
-1,31343
-1,31332
-1,31322
-1,31312
-1,31302
-1,31292
-1,31282
-1,31272
-1,31261
-1,31251
-1,31241
-1,31231
-1,31221
-1,31211
-1,31201
-1,3119
-1,3118
-1,3117
-1,3116
-1,3115
-1,3114
-1,31129
-1,31119
-1,31109
-1,31099
-1,31089
-1,31079
-1,31069
-1,31058
-1,31048
-1,31038
-1,31028
-1,31018
-1,31008
-1,30998
-1,30987
-1,30977
-1,30967
-1,30957
-1,30947
-1,30937
-1,30926
-1,30916
-1,30906
-1,30896
-1,30886
-1,30876
-1,30866
-1,30855
-1,30845
-1,30835
-1,30825
-1,30815
-1,30805
-1,30795
-1,30784
-1,30774
-1,30764
-1,30754
-1,30744
-1,30734
-1,30723
-1,30713
-1,30703
-1,30693
-1,30683
-1,30673
-1,30663
-1,30652
-1,30642
-1,30632
-1,30622
-1,30612
-1,30602
-1,30591
-1,30581
-1,30571
-1,30561
-1,30551
-1,30541
-1,30531
-1,3052
-1,3051
-1,305
-1,3049
-1,3048
-1,3047
-1,3046
-1,30449
-1,30439
-1,30429
-1,30419
-1,30409
-1,30399
-1,30388
-1,30378
-1,30368
-1,30358
-1,30348
-1,30338
-1,30328
-1,30317
-1,30307
-1,30297
-1,30287
-1,30277
-1,30267
-1,30256
-1,30246
-1,30236
-1,30226
-1,30216
-1,30206
-1,30196
-1,30185
-1,30175
-1,30165
-1,30155
-1,30145
-1,30135
-1,30124
-1,30114
-1,30104
-1,30094
-1,30084
-1,30074
-1,30064
-1,30053
-1,30043
-1,30033
-1,30023
-1,30013
-1,30003
-1,29993
-1,29982
-1,29972
-1,29962
-1,29952
-1,29942
-1,29932
-1,29921
-1,29911
-1,29901
-1,29891
-1,29881
-1,29871
-1,29861
-1,2985
-1,2984
-1,2983
-1,2982
-1,2981
-1,298
-1,29789
-1,29779
-1,29769
-1,29759
-1,29749
-1,29739
-1,29729
-1,29718
-1,29708
-1,29698
-1,29688
-1,29678
-1,29668
-1,29657
-1,29647
-1,29637
-1,29627
-1,29617
-1,29607
-1,29597
-1,29586
-1,29576
-1,29566
-1,29556
-1,29546
-1,29536
-1,29525
-1,29515
-1,29505
-1,29495
-1,29485
-1,29475
-1,29465
-1,29454
-1,29444
-1,29434
-1,29424
-1,29414
-1,29404
-1,29393
-1,29383
-1,29373
-1,29363
-1,29353
-1,29343
-1,29333
-1,29322
-1,29312
-1,29302
-1,29292
-1,29282
-1,29272
-1,29261
-1,29251
-1,29241
-1,29231
-1,29221
-1,29211
-1,29201
-1,2919
-1,2918
-1,2917
-1,2916
-1,2915
-1,2914
-1,29129
-1,29119
-1,29109
-1,29099
-1,29089
-1,29079
-1,29069
-1,29058
-1,29048
-1,29038
-1,29028
-1,29018
-1,29008
-1,28997
-1,28987
-1,28977
-1,28967
-1,28957
-1,28947
-1,28937
-1,28926
-1,28916
-1,28906
-1,28896
-1,28886
-1,28876
-1,28865
-1,28855
-1,28845
-1,28835
-1,28825
-1,28815
-1,28805
-1,28794
-1,28784
-1,28774
-1,28764
-1,28754
-1,28744
-1,28733
-1,28723
-1,28713
-1,28703
-1,28693
-1,28683
-1,28673
-1,28662
-1,28652
-1,28642
-1,28632
-1,28622
-1,28612
-1,28601
-1,28591
-1,28581
-1,28571
-1,28561
-1,28551
-1,28541
-1,2853
-1,2852
-1,2851
-1,285
-1,2849
-1,2848
-1,28469
-1,28459
-1,28449
-1,28439
-1,28429
-1,28419
-1,28409
-1,28398
-1,28388
-1,28378
-1,28368
-1,28358
-1,28348
-1,28337
-1,28327
-1,28317
-1,28307
-1,28297
-1,28287
-1,28276
-1,28266
-1,28256
-1,28246
-1,28236
-1,28226
-1,28216
-1,28205
-1,28195
-1,28185
-1,28175
-1,28165
-1,28155
-1,28144
-1,28134
-1,28124
-1,28114
-1,28104
-1,28094
-1,28084
-1,28073
-1,28063
-1,28053
-1,28043
-1,28033
-1,28023
-1,28012
-1,28002
-1,27992
-1,27982
-1,27972
-1,27962
-1,27952
-1,27941
-1,27931
-1,27921
-1,27911
-1,27901
-1,27891
-1,2788
-1,2787
-1,2786
-1,2785
-1,2784
-1,2783
-1,27819
-1,27809
-1,27799
-1,27789
-1,27779
-1,27769
-1,27759
-1,27748
-1,27738
-1,27728
-1,27718
-1,27708
-1,27698
-1,27687
-1,27677
-1,27667
-1,27657
-1,27647
-1,27637
-1,27627
-1,27616
-1,27606
-1,27596
-1,27586
-1,27576
-1,27566
-1,27555
-1,27545
-1,27535
-1,27525
-1,27515
-1,27505
-1,27494
-1,27484
-1,27474
-1,27464
-1,27454
-1,27444
-1,27434
-1,27423
-1,27413
-1,27403
-1,27393
-1,27383
-1,27373
-1,27362
-1,27352
-1,27342
-1,27332
-1,27322
-1,27312
-1,27301
-1,27291
-1,27281
-1,27271
-1,27261
-1,27251
-1,27241
-1,2723
-1,2722
-1,2721
-1,272
-1,2719
-1,2718
-1,27169
-1,27159
-1,27149
-1,27139
-1,27129
-1,27119
-1,27108
-1,27098
-1,27088
-1,27078
-1,27068
-1,27058
-1,27048
-1,27037
-1,27027
-1,27017
-1,27007
-1,26997
-1,26987
-1,26976
-1,26966
-1,26956
-1,26946
-1,26936
-1,26926
-1,26915
-1,26905
-1,26895
-1,26885
-1,26875
-1,26865
-1,26855
-1,26844
-1,26834
-1,26824
-1,26814
-1,26804
-1,26794
-1,26783
-1,26773
-1,26763
-1,26753
-1,26743
-1,26733
-1,26722
-1,26712
-1,26702
-1,26692
-1,26682
-1,26672
-1,26662
-1,26651
-1,26641
-1,26631
-1,26621
-1,26611
-1,26601
-1,2659
-1,2658
-1,2657
-1,2656
-1,2655
-1,2654
-1,26529
-1,26519
-1,26509
-1,26499
-1,26489
-1,26479
-1,26469
-1,26458
-1,26448
-1,26438
-1,26428
-1,26418
-1,26408
-1,26397
-1,26387
-1,26377
-1,26367
-1,26357
-1,26347
-1,26336
-1,26326
-1,26316
-1,26306
-1,26296
-1,26286
-1,26276
-1,26265
-1,26255
-1,26245
-1,26235
-1,26225
-1,26215
-1,26204
-1,26194
-1,26184
-1,26174
-1,26164
-1,26154
-1,26143
-1,26133
-1,26123
-1,26113
-1,26103
-1,26093
-1,26082
-1,26072
-1,26062
-1,26052
-1,26042
-1,26032
-1,26022
-1,26011
-1,26001
-1,25991
-1,25981
-1,25971
-1,25961
-1,2595
-1,2594
-1,2593
-1,2592
-1,2591
-1,259
-1,25889
-1,25879
-1,25869
-1,25859
-1,25849
-1,25839
-1,25828
-1,25818
-1,25808
-1,25798
-1,25788
-1,25778
-1,25768
-1,25757
-1,25747
-1,25737
-1,25727
-1,25717
-1,25707
-1,25696
-1,25686
-1,25676
-1,25666
-1,25656
-1,25646
-1,25635
-1,25625
-1,25615
-1,25605
-1,25595
-1,25585
-1,25574
-1,25564
-1,25554
-1,25544
-1,25534
-1,25524
-1,25514
-1,25503
-1,25493
-1,25483
-1,25473
-1,25463
-1,25453
-1,25442
-1,25432
-1,25422
-1,25412
-1,25402
-1,25392
-1,25381
-1,25371
-1,25361
-1,25351
-1,25341
-1,25331
-1,2532
-1,2531
-1,253
-1,2529
-1,2528
-1,2527
-1,2526
-1,25249
-1,25239
-1,25229
-1,25219
-1,25209
-1,25199
-1,25188
-1,25178
-1,25168
-1,25158
-1,25148
-1,25138
-1,25127
-1,25117
-1,25107
-1,25097
-1,25087
-1,25077
-1,25066
-1,25056
-1,25046
-1,25036
-1,25026
-1,25016
-1,25005
-1,24995
-1,24985
-1,24975
-1,24965
-1,24955
-1,24945
-1,24934
-1,24924
-1,24914
-1,24904
-1,24894
-1,24884
-1,24873
-1,24863
-1,24853
-1,24843
-1,24833
-1,24823
-1,24812
-1,24802
-1,24792
-1,24782
-1,24772
-1,24762
-1,24751
-1,24741
-1,24731
-1,24721
-1,24711
-1,24701
-1,2469
-1,2468
-1,2467
-1,2466
-1,2465
-1,2464
-1,2463
-1,24619
-1,24609
-1,24599
-1,24589
-1,24579
-1,24569
-1,24558
-1,24548
-1,24538
-1,24528
-1,24518
-1,24508
-1,24497
-1,24487
-1,24477
-1,24467
-1,24457
-1,24447
-1,24436
-1,24426
-1,24416
-1,24406
-1,24396
-1,24386
-1,24375
-1,24365
-1,24355
-1,24345
-1,24335
-1,24325
-1,24314
-1,24304
-1,24294
-1,24284
-1,24274
-1,24264
-1,24254
-1,24243
-1,24233
-1,24223
-1,24213
-1,24203
-1,24193
-1,24182
-1,24172
-1,24162
-1,24152
-1,24142
-1,24132
-1,24121
-1,24111
-1,24101
-1,24091
-1,24081
-1,24071
-1,2406
-1,2405
-1,2404
-1,2403
-1,2402
-1,2401
-1,23999
-1,23989
-1,23979
-1,23969
-1,23959
-1,23949
-1,23938
-1,23928
-1,23918
-1,23908
-1,23898
-1,23888
-1,23877
-1,23867
-1,23857
-1,23847
-1,23837
-1,23827
-1,23817
-1,23806
-1,23796
-1,23786
-1,23776
-1,23766
-1,23756
-1,23745
-1,23735
-1,23725
-1,23715
-1,23705
-1,23695
-1,23684
-1,23674
-1,23664
-1,23654
-1,23644
-1,23634
-1,23623
-1,23613
-1,23603
-1,23593
-1,23583
-1,23573
-1,23562
-1,23552
-1,23542
-1,23532
-1,23522
-1,23512
-1,23501
-1,23491
-1,23481
-1,23471
-1,23461
-1,23451
-1,2344
-1,2343
-1,2342
-1,2341
-1,234
-1,2339
-1,23379
-1,23369
-1,23359
-1,23349
-1,23339
-1,23329
-1,23318
-1,23308
-1,23298
-1,23288
-1,23278
-1,23268
-1,23258
-1,23247
-1,23237
-1,23227
-1,23217
-1,23207
-1,23197
-1,23186
-1,23176
-1,23166
-1,23156
-1,23146
-1,23136
-1,23125
-1,23115
-1,23105
-1,23095
-1,23085
-1,23075
-1,23064
-1,23054
-1,23044
-1,23034
-1,23024
-1,23014
-1,23003
-1,22993
-1,22983
-1,22973
-1,22963
-1,22953
-1,22942
-1,22932
-1,22922
-1,22912
-1,22902
-1,22892
-1,22881
-1,22871
-1,22861
-1,22851
-1,22841
-1,22831
-1,2282
-1,2281
-1,228
-1,2279
-1,2278
-1,2277
-1,22759
-1,22749
-1,22739
-1,22729
-1,22719
-1,22709
-1,22698
-1,22688
-1,22678
-1,22668
-1,22658
-1,22648
-1,22637
-1,22627
-1,22617
-1,22607
-1,22597
-1,22587
-1,22576
-1,22566
-1,22556
-1,22546
-1,22536
-1,22526
-1,22515
-1,22505
-1,22495
-1,22485
-1,22475
-1,22465
-1,22454
-1,22444
-1,22434
-1,22424
-1,22414
-1,22404
-1,22393
-1,22383
-1,22373
-1,22363
-1,22353
-1,22343
-1,22332
-1,22322
-1,22312
-1,22302
-1,22292
-1,22282
-1,22271
-1,22261
-1,22251
-1,22241
-1,22231
-1,22221
-1,2221
-1,222
-1,2219
-1,2218
-1,2217
-1,2216
-1,22149
-1,22139
-1,22129
-1,22119
-1,22109
-1,22099
-1,22088
-1,22078
-1,22068
-1,22058
-1,22048
-1,22038
-1,22027
-1,22017
-1,22007
-1,21997
-1,21987
-1,21977
-1,21966
-1,21956
-1,21946
-1,21936
-1,21926
-1,21916
-1,21905
-1,21895
-1,21885
-1,21875
-1,21865
-1,21855
-1,21845
-1,21834
-1,21824
-1,21814
-1,21804
-1,21794
-1,21783
-1,21773
-1,21763
-1,21753
-1,21743
-1,21733
-1,21722
-1,21712
-1,21702
-1,21692
-1,21682
-1,21672
-1,21661
-1,21651
-1,21641
-1,21631
-1,21621
-1,21611
-1,216
-1,2159
-1,2158
-1,2157
-1,2156
-1,2155
-1,21539
-1,21529
-1,21519
-1,21509
-1,21499
-1,21489
-1,21478
-1,21468
-1,21458
-1,21448
-1,21438
-1,21428
-1,21417
-1,21407
-1,21397
-1,21387
-1,21377
-1,21367
-1,21356
-1,21346
-1,21336
-1,21326
-1,21316
-1,21306
-1,21295
-1,21285
-1,21275
-1,21265
-1,21255
-1,21245
-1,21234
-1,21224
-1,21214
-1,21204
-1,21194
-1,21184
-1,21173
-1,21163
-1,21153
-1,21143
-1,21133
-1,21123
-1,21112
-1,21102
-1,21092
-1,21082
-1,21072
-1,21062
-1,21051
-1,21041
-1,21031
-1,21021
-1,21011
-1,21001
-1,2099
-1,2098
-1,2097
-1,2096
-1,2095
-1,2094
-1,20929
-1,20919
-1,20909
-1,20899
-1,20889
-1,20879
-1,20868
-1,20858
-1,20848
-1,20838
-1,20828
-1,20818
-1,20807
-1,20797
-1,20787
-1,20777
-1,20767
-1,20757
-1,20746
-1,20736
-1,20726
-1,20716
-1,20706
-1,20696
-1,20685
-1,20675
-1,20665
-1,20655
-1,20645
-1,20635
-1,20624
-1,20614
-1,20604
-1,20594
-1,20584
-1,20574
-1,20563
-1,20553
-1,20543
-1,20533
-1,20523
-1,20513
-1,20502
-1,20492
-1,20482
-1,20472
-1,20462
-1,20452
-1,20441
-1,20431
-1,20421
-1,20411
-1,20401
-1,2039
-1,2038
-1,2037
-1,2036
-1,2035
-1,2034
-1,20329
-1,20319
-1,20309
-1,20299
-1,20289
-1,20279
-1,20268
-1,20258
-1,20248
-1,20238
-1,20228
-1,20218
-1,20207
-1,20197
-1,20187
-1,20177
-1,20167
-1,20157
-1,20146
-1,20136
-1,20126
-1,20116
-1,20106
-1,20096
-1,20085
-1,20075
-1,20065
-1,20055
-1,20045
-1,20035
-1,20024
-1,20014
-1,20004
-1,19994
-1,19984
-1,19974
-1,19963
-1,19953
-1,19943
-1,19933
-1,19923
-1,19913
-1,19902
-1,19892
-1,19882
-1,19872
-1,19862
-1,19852
-1,19841
-1,19831
-1,19821
-1,19811
-1,19801
-1,1979
-1,1978
-1,1977
-1,1976
-1,1975
-1,1974
-1,19729
-1,19719
-1,19709
-1,19699
-1,19689
-1,19679
-1,19668
-1,19658
-1,19648
-1,19638
-1,19628
-1,19618
-1,19607
-1,19597
-1,19587
-1,19577
-1,19567
-1,19557
-1,19546
-1,19536
-1,19526
-1,19516
-1,19506
-1,19496
-1,19485
-1,19475
-1,19465
-1,19455
-1,19445
-1,19435
-1,19424
-1,19414
-1,19404
-1,19394
-1,19384
-1,19373
-1,19363
-1,19353
-1,19343
-1,19333
-1,19323
-1,19312
-1,19302
-1,19292
-1,19282
-1,19272
-1,19262
-1,19251
-1,19241
-1,19231
-1,19221
-1,19211
-1,19201
-1,1919
-1,1918
-1,1917
-1,1916
-1,1915
-1,1914
-1,19129
-1,19119
-1,19109
-1,19099
-1,19089
-1,19079
-1,19068
-1,19058
-1,19048
-1,19038
-1,19028
-1,19017
-1,19007
-1,18997
-1,18987
-1,18977
-1,18967
-1,18956
-1,18946
-1,18936
-1,18926
-1,18916
-1,18906
-1,18895
-1,18885
-1,18875
-1,18865
-1,18855
-1,18845
-1,18834
-1,18824
-1,18814
-1,18804
-1,18794
-1,18784
-1,18773
-1,18763
-1,18753
-1,18743
-1,18733
-1,18723
-1,18712
-1,18702
-1,18692
-1,18682
-1,18672
-1,18661
-1,18651
-1,18641
-1,18631
-1,18621
-1,18611
-1,186
-1,1859
-1,1858
-1,1857
-1,1856
-1,1855
-1,18539
-1,18529
-1,18519
-1,18509
-1,18499
-1,18489
-1,18478
-1,18468
-1,18458
-1,18448
-1,18438
-1,18428
-1,18417
-1,18407
-1,18397
-1,18387
-1,18377
-1,18366
-1,18356
-1,18346
-1,18336
-1,18326
-1,18316
-1,18305
-1,18295
-1,18285
-1,18275
-1,18265
-1,18255
-1,18244
-1,18234
-1,18224
-1,18214
-1,18204
-1,18194
-1,18183
-1,18173
-1,18163
-1,18153
-1,18143
-1,18133
-1,18122
-1,18112
-1,18102
-1,18092
-1,18082
-1,18071
-1,18061
-1,18051
-1,18041
-1,18031
-1,18021
-1,1801
-1,18
-1,1799
-1,1798
-1,1797
-1,1796
-1,17949
-1,17939
-1,17929
-1,17919
-1,17909
-1,17899
-1,17888
-1,17878
-1,17868
-1,17858
-1,17848
-1,17837
-1,17827
-1,17817
-1,17807
-1,17797
-1,17787
-1,17776
-1,17766
-1,17756
-1,17746
-1,17736
-1,17726
-1,17715
-1,17705
-1,17695
-1,17685
-1,17675
-1,17665
-1,17654
-1,17644
-1,17634
-1,17624
-1,17614
-1,17604
-1,17593
-1,17583
-1,17573
-1,17563
-1,17553
-1,17542
-1,17532
-1,17522
-1,17512
-1,17502
-1,17492
-1,17481
-1,17471
-1,17461
-1,17451
-1,17441
-1,17431
-1,1742
-1,1741
-1,174
-1,1739
-1,1738
-1,1737
-1,17359
-1,17349
-1,17339
-1,17329
-1,17319
-1,17308
-1,17298
-1,17288
-1,17278
-1,17268
-1,17258
-1,17247
-1,17237
-1,17227
-1,17217
-1,17207
-1,17197
-1,17186
-1,17176
-1,17166
-1,17156
-1,17146
-1,17135
-1,17125
-1,17115
-1,17105
-1,17095
-1,17085
-1,17074
-1,17064
-1,17054
-1,17044
-1,17034
-1,17024
-1,17013
-1,17003
-1,16993
-1,16983
-1,16973
-1,16963
-1,16952
-1,16942
-1,16932
-1,16922
-1,16912
-1,16901
-1,16891
-1,16881
-1,16871
-1,16861
-1,16851
-1,1684
-1,1683
-1,1682
-1,1681
-1,168
-1,1679
-1,16779
-1,16769
-1,16759
-1,16749
-1,16739
-1,16728
-1,16718
-1,16708
-1,16698
-1,16688
-1,16678
-1,16667
-1,16657
-1,16647
-1,16637
-1,16627
-1,16617
-1,16606
-1,16596
-1,16586
-1,16576
-1,16566
-1,16556
-1,16545
-1,16535
-1,16525
-1,16515
-1,16505
-1,16494
-1,16484
-1,16474
-1,16464
-1,16454
-1,16444
-1,16433
-1,16423
-1,16413
-1,16403
-1,16393
-1,16383
-1,16372
-1,16362
-1,16352
-1,16342
-1,16332
-1,16321
-1,16311
-1,16301
-1,16291
-1,16281
-1,16271
-1,1626
-1,1625
-1,1624
-1,1623
-1,1622
-1,1621
-1,16199
-1,16189
-1,16179
-1,16169
-1,16159
-1,16148
-1,16138
-1,16128
-1,16118
-1,16108
-1,16098
-1,16087
-1,16077
-1,16067
-1,16057
-1,16047
-1,16037
-1,16026
-1,16016
-1,16006
-1,15996
-1,15986
-1,15975
-1,15965
-1,15955
-1,15945
-1,15935
-1,15925
-1,15914
-1,15904
-1,15894
-1,15884
-1,15874
-1,15864
-1,15853
-1,15843
-1,15833
-1,15823
-1,15813
-1,15802
-1,15792
-1,15782
-1,15772
-1,15762
-1,15752
-1,15741
-1,15731
-1,15721
-1,15711
-1,15701
-1,15691
-1,1568
-1,1567
-1,1566
-1,1565
-1,1564
-1,15629
-1,15619
-1,15609
-1,15599
-1,15589
-1,15579
-1,15568
-1,15558
-1,15548
-1,15538
-1,15528
-1,15518
-1,15507
-1,15497
-1,15487
-1,15477
-1,15467
-1,15456
-1,15446
-1,15436
-1,15426
-1,15416
-1,15406
-1,15395
-1,15385
-1,15375
-1,15365
-1,15355
-1,15345
-1,15334
-1,15324
-1,15314
-1,15304
-1,15294
-1,15283
-1,15273
-1,15263
-1,15253
-1,15243
-1,15233
-1,15222
-1,15212
-1,15202
-1,15192
-1,15182
-1,15171
-1,15161
-1,15151
-1,15141
-1,15131
-1,15121
-1,1511
-1,151
-1,1509
-1,1508
-1,1507
-1,1506
-1,15049
-1,15039
-1,15029
-1,15019
-1,15009
-1,14998
-1,14988
-1,14978
-1,14968
-1,14958
-1,14948
-1,14937
-1,14927
-1,14917
-1,14907
-1,14897
-1,14887
-1,14876
-1,14866
-1,14856
-1,14846
-1,14836
-1,14825
-1,14815
-1,14805
-1,14795
-1,14785
-1,14775
-1,14764
-1,14754
-1,14744
-1,14734
-1,14724
-1,14713
-1,14703
-1,14693
-1,14683
-1,14673
-1,14663
-1,14652
-1,14642
-1,14632
-1,14622
-1,14612
-1,14602
-1,14591
-1,14581
-1,14571
-1,14561
-1,14551
-1,1454
-1,1453
-1,1452
-1,1451
-1,145
-1,1449
-1,14479
-1,14469
-1,14459
-1,14449
-1,14439
-1,14428
-1,14418
-1,14408
-1,14398
-1,14388
-1,14378
-1,14367
-1,14357
-1,14347
-1,14337
-1,14327
-1,14317
-1,14306
-1,14296
-1,14286
-1,14276
-1,14266
-1,14255
-1,14245
-1,14235
-1,14225
-1,14215
-1,14205
-1,14194
-1,14184
-1,14174
-1,14164
-1,14154
-1,14143
-1,14133
-1,14123
-1,14113
-1,14103
-1,14093
-1,14082
-1,14072
-1,14062
-1,14052
-1,14042
-1,14031
-1,14021
-1,14011
-1,14001
-1,13991
-1,13981
-1,1397
-1,1396
-1,1395
-1,1394
-1,1393
-1,1392
-1,13909
-1,13899
-1,13889
-1,13879
-1,13869
-1,13858
-1,13848
-1,13838
-1,13828
-1,13818
-1,13808
-1,13797
-1,13787
-1,13777
-1,13767
-1,13757
-1,13746
-1,13736
-1,13726
-1,13716
-1,13706
-1,13696
-1,13685
-1,13675
-1,13665
-1,13655
-1,13645
-1,13634
-1,13624
-1,13614
-1,13604
-1,13594
-1,13584
-1,13573
-1,13563
-1,13553
-1,13543
-1,13533
-1,13522
-1,13512
-1,13502
-1,13492
-1,13482
-1,13472
-1,13461
-1,13451
-1,13441
-1,13431
-1,13421
-1,13411
-1,134
-1,1339
-1,1338
-1,1337
-1,1336
-1,13349
-1,13339
-1,13329
-1,13319
-1,13309
-1,13299
-1,13288
-1,13278
-1,13268
-1,13258
-1,13248
-1,13237
-1,13227
-1,13217
-1,13207
-1,13197
-1,13187
-1,13176
-1,13166
-1,13156
-1,13146
-1,13136
-1,13125
-1,13115
-1,13105
-1,13095
-1,13085
-1,13075
-1,13064
-1,13054
-1,13044
-1,13034
-1,13024
-1,13013
-1,13003
-1,12993
-1,12983
-1,12973
-1,12963
-1,12952
-1,12942
-1,12932
-1,12922
-1,12912
-1,12901
-1,12891
-1,12881
-1,12871
-1,12861
-1,12851
-1,1284
-1,1283
-1,1282
-1,1281
-1,128
-1,12789
-1,12779
-1,12769
-1,12759
-1,12749
-1,12739
-1,12728
-1,12718
-1,12708
-1,12698
-1,12688
-1,12677
-1,12667
-1,12657
-1,12647
-1,12637
-1,12627
-1,12616
-1,12606
-1,12596
-1,12586
-1,12576
-1,12565
-1,12555
-1,12545
-1,12535
-1,12525
-1,12515
-1,12504
-1,12494
-1,12484
-1,12474
-1,12464
-1,12453
-1,12443
-1,12433
-1,12423
-1,12413
-1,12403
-1,12392
-1,12382
-1,12372
-1,12362
-1,12352
-1,12341
-1,12331
-1,12321
-1,12311
-1,12301
-1,12291
-1,1228
-1,1227
-1,1226
-1,1225
-1,1224
-1,12229
-1,12219
-1,12209
-1,12199
-1,12189
-1,12179
-1,12168
-1,12158
-1,12148
-1,12138
-1,12128
-1,12117
-1,12107
-1,12097
-1,12087
-1,12077
-1,12067
-1,12056
-1,12046
-1,12036
-1,12026
-1,12016
-1,12005
-1,11995
-1,11985
-1,11975
-1,11965
-1,11955
-1,11944
-1,11934
-1,11924
-1,11914
-1,11904
-1,11893
-1,11883
-1,11873
-1,11863
-1,11853
-1,11843
-1,11832
-1,11822
-1,11812
-1,11802
-1,11792
-1,11781
-1,11771
-1,11761
-1,11751
-1,11741
-1,1173
-1,1172
-1,1171
-1,117
-1,1169
-1,1168
-1,11669
-1,11659
-1,11649
-1,11639
-1,11629
-1,11618
-1,11608
-1,11598
-1,11588
-1,11578
-1,11568
-1,11557
-1,11547
-1,11537
-1,11527
-1,11517
-1,11506
-1,11496
-1,11486
-1,11476
-1,11466
-1,11456
-1,11445
-1,11435
-1,11425
-1,11415
-1,11405
-1,11394
-1,11384
-1,11374
-1,11364
-1,11354
-1,11344
-1,11333
-1,11323
-1,11313
-1,11303
-1,11293
-1,11282
-1,11272
-1,11262
-1,11252
-1,11242
-1,11231
-1,11221
-1,11211
-1,11201
-1,11191
-1,11181
-1,1117
-1,1116
-1,1115
-1,1114
-1,1113
-1,11119
-1,11109
-1,11099
-1,11089
-1,11079
-1,11069
-1,11058
-1,11048
-1,11038
-1,11028
-1,11018
-1,11007
-1,10997
-1,10987
-1,10977
-1,10967
-1,10957
-1,10946
-1,10936
-1,10926
-1,10916
-1,10906
-1,10895
-1,10885
-1,10875
-1,10865
-1,10855
-1,10844
-1,10834
-1,10824
-1,10814
-1,10804
-1,10794
-1,10783
-1,10773
-1,10763
-1,10753
-1,10743
-1,10732
-1,10722
-1,10712
-1,10702
-1,10692
-1,10682
-1,10671
-1,10661
-1,10651
-1,10641
-1,10631
-1,1062
-1,1061
-1,106
-1,1059
-1,1058
-1,1057
-1,10559
-1,10549
-1,10539
-1,10529
-1,10519
-1,10508
-1,10498
-1,10488
-1,10478
-1,10468
-1,10457
-1,10447
-1,10437
-1,10427
-1,10417
-1,10407
-1,10396
-1,10386
-1,10376
-1,10366
-1,10356
-1,10345
-1,10335
-1,10325
-1,10315
-1,10305
-1,10294
-1,10284
-1,10274
-1,10264
-1,10254
-1,10244
-1,10233
-1,10223
-1,10213
-1,10203
-1,10193
-1,10182
-1,10172
-1,10162
-1,10152
-1,10142
-1,10132
-1,10121
-1,10111
-1,10101
-1,10091
-1,10081
-1,1007
-1,1006
-1,1005
-1,1004
-1,1003
-1,10019
-1,10009
-1,09999
-1,09989
-1,09979
-1,09969
-1,09958
-1,09948
-1,09938
-1,09928
-1,09918
-1,09907
-1,09897
-1,09887
-1,09877
-1,09867
-1,09857
-1,09846
-1,09836
-1,09826
-1,09816
-1,09806
-1,09795
-1,09785
-1,09775
-1,09765
-1,09755
-1,09744
-1,09734
-1,09724
-1,09714
-1,09704
-1,09694
-1,09683
-1,09673
-1,09663
-1,09653
-1,09643
-1,09632
-1,09622
-1,09612
-1,09602
-1,09592
-1,09581
-1,09571
-1,09561
-1,09551
-1,09541
-1,09531
-1,0952
-1,0951
-1,095
-1,0949
-1,0948
-1,09469
-1,09459
-1,09449
-1,09439
-1,09429
-1,09418
-1,09408
-1,09398
-1,09388
-1,09378
-1,09368
-1,09357
-1,09347
-1,09337
-1,09327
-1,09317
-1,09306
-1,09296
-1,09286
-1,09276
-1,09266
-1,09255
-1,09245
-1,09235
-1,09225
-1,09215
-1,09205
-1,09194
-1,09184
-1,09174
-1,09164
-1,09154
-1,09143
-1,09133
-1,09123
-1,09113
-1,09103
-1,09093
-1,09082
-1,09072
-1,09062
-1,09052
-1,09042
-1,09031
-1,09021
-1,09011
-1,09001
-1,08991
-1,0898
-1,0897
-1,0896
-1,0895
-1,0894
-1,0893
-1,08919
-1,08909
-1,08899
-1,08889
-1,08879
-1,08868
-1,08858
-1,08848
-1,08838
-1,08828
-1,08817
-1,08807
-1,08797
-1,08787
-1,08777
-1,08767
-1,08756
-1,08746
-1,08736
-1,08726
-1,08716
-1,08705
-1,08695
-1,08685
-1,08675
-1,08665
-1,08654
-1,08644
-1,08634
-1,08624
-1,08614
-1,08603
-1,08593
-1,08583
-1,08573
-1,08563
-1,08553
-1,08542
-1,08532
-1,08522
-1,08512
-1,08502
-1,08491
-1,08481
-1,08471
-1,08461
-1,08451
-1,0844
-1,0843
-1,0842
-1,0841
-1,084
-1,0839
-1,08379
-1,08369
-1,08359
-1,08349
-1,08339
-1,08328
-1,08318
-1,08308
-1,08298
-1,08288
-1,08277
-1,08267
-1,08257
-1,08247
-1,08237
-1,08227
-1,08216
-1,08206
-1,08196
-1,08186
-1,08176
-1,08165
-1,08155
-1,08145
-1,08135
-1,08125
-1,08114
-1,08104
-1,08094
-1,08084
-1,08074
-1,08064
-1,08053
-1,08043
-1,08033
-1,08023
-1,08013
-1,08002
-1,07992
-1,07982
-1,07972
-1,07962
-1,07951
-1,07941
-1,07931
-1,07921
-1,07911
-1,079
-1,0789
-1,0788
-1,0787
-1,0786
-1,0785
-1,07839
-1,07829
-1,07819
-1,07809
-1,07799
-1,07788
-1,07778
-1,07768
-1,07758
-1,07748
-1,07737
-1,07727
-1,07717
-1,07707
-1,07697
-1,07687
-1,07676
-1,07666
-1,07656
-1,07646
-1,07636
-1,07625
-1,07615
-1,07605
-1,07595
-1,07585
-1,07574
-1,07564
-1,07554
-1,07544
-1,07534
-1,07523
-1,07513
-1,07503
-1,07493
-1,07483
-1,07473
-1,07462
-1,07452
-1,07442
-1,07432
-1,07422
-1,07411
-1,07401
-1,07391
-1,07381
-1,07371
-1,0736
-1,0735
-1,0734
-1,0733
-1,0732
-1,07309
-1,07299
-1,07289
-1,07279
-1,07269
-1,07259
-1,07248
-1,07238
-1,07228
-1,07218
-1,07208
-1,07197
-1,07187
-1,07177
-1,07167
-1,07157
-1,07146
-1,07136
-1,07126
-1,07116
-1,07106
-1,07095
-1,07085
-1,07075
-1,07065
-1,07055
-1,07045
-1,07034
-1,07024
-1,07014
-1,07004
-1,06994
-1,06983
-1,06973
-1,06963
-1,06953
-1,06943
-1,06932
-1,06922
-1,06912
-1,06902
-1,06892
-1,06881
-1,06871
-1,06861
-1,06851
-1,06841
-1,06831
-1,0682
-1,0681
-1,068
-1,0679
-1,0678
-1,06769
-1,06759
-1,06749
-1,06739
-1,06729
-1,06718
-1,06708
-1,06698
-1,06688
-1,06678
-1,06667
-1,06657
-1,06647
-1,06637
-1,06627
-1,06617
-1,06606
-1,06596
-1,06586
-1,06576
-1,06566
-1,06555
-1,06545
-1,06535
-1,06525
-1,06515
-1,06504
-1,06494
-1,06484
-1,06474
-1,06464
-1,06453
-1,06443
-1,06433
-1,06423
-1,06413
-1,06403
-1,06392
-1,06382
-1,06372
-1,06362
-1,06352
-1,06341
-1,06331
-1,06321
-1,06311
-1,06301
-1,0629
-1,0628
-1,0627
-1,0626
-1,0625
-1,06239
-1,06229
-1,06219
-1,06209
-1,06199
-1,06188
-1,06178
-1,06168
-1,06158
-1,06148
-1,06138
-1,06127
-1,06117
-1,06107
-1,06097
-1,06087
-1,06076
-1,06066
-1,06056
-1,06046
-1,06036
-1,06025
-1,06015
-1,06005
-1,05995
-1,05985
-1,05974
-1,05964
-1,05954
-1,05944
-1,05934
-1,05924
-1,05913
-1,05903
-1,05893
-1,05883
-1,05873
-1,05862
-1,05852
-1,05842
-1,05832
-1,05822
-1,05811
-1,05801
-1,05791
-1,05781
-1,05771
-1,0576
-1,0575
-1,0574
-1,0573
-1,0572
-1,05709
-1,05699
-1,05689
-1,05679
-1,05669
-1,05659
-1,05648
-1,05638
-1,05628
-1,05618
-1,05608
-1,05597
-1,05587
-1,05577
-1,05567
-1,05557
-1,05546
-1,05536
-1,05526
-1,05516
-1,05506
-1,05495
-1,05485
-1,05475
-1,05465
-1,05455
-1,05444
-1,05434
-1,05424
-1,05414
-1,05404
-1,05393
-1,05383
-1,05373
-1,05363
-1,05353
-1,05343
-1,05332
-1,05322
-1,05312
-1,05302
-1,05292
-1,05281
-1,05271
-1,05261
-1,05251
-1,05241
-1,0523
-1,0522
-1,0521
-1,052
-1,0519
-1,05179
-1,05169
-1,05159
-1,05149
-1,05139
-1,05128
-1,05118
-1,05108
-1,05098
-1,05088
-1,05078
-1,05067
-1,05057
-1,05047
-1,05037
-1,05027
-1,05016
-1,05006
-1,04996
-1,04986
-1,04976
-1,04965
-1,04955
-1,04945
-1,04935
-1,04925
-1,04914
-1,04904
-1,04894
-1,04884
-1,04874
-1,04863
-1,04853
-1,04843
-1,04833
-1,04823
-1,04812
-1,04802
-1,04792
-1,04782
-1,04772
-1,04762
-1,04751
-1,04741
-1,04731
-1,04721
-1,04711
-1,047
-1,0469
-1,0468
-1,0467
-1,0466
-1,04649
-1,04639
-1,04629
-1,04619
-1,04609
-1,04598
-1,04588
-1,04578
-1,04568
-1,04558
-1,04547
-1,04537
-1,04527
-1,04517
-1,04507
-1,04496
-1,04486
-1,04476
-1,04466
-1,04456
-1,04445
-1,04435
-1,04425
-1,04415
-1,04405
-1,04395
-1,04384
-1,04374
-1,04364
-1,04354
-1,04344
-1,04333
-1,04323
-1,04313
-1,04303
-1,04293
-1,04282
-1,04272
-1,04262
-1,04252
-1,04242
-1,04231
-1,04221
-1,04211
-1,04201
-1,04191
-1,0418
-1,0417
-1,0416
-1,0415
-1,0414
-1,04129
-1,04119
-1,04109
-1,04099
-1,04089
-1,04078
-1,04068
-1,04058
-1,04048
-1,04038
-1,04028
-1,04017
-1,04007
-1,03997
-1,03987
-1,03977
-1,03966
-1,03956
-1,03946
-1,03936
-1,03926
-1,03915
-1,03905
-1,03895
-1,03885
-1,03875
-1,03864
-1,03854
-1,03844
-1,03834
-1,03824
-1,03813
-1,03803
-1,03793
-1,03783
-1,03773
-1,03762
-1,03752
-1,03742
-1,03732
-1,03722
-1,03711
-1,03701
-1,03691
-1,03681
-1,03671
-1,0366
-1,0365
-1,0364
-1,0363
-1,0362
-1,0361
-1,03599
-1,03589
-1,03579
-1,03569
-1,03559
-1,03548
-1,03538
-1,03528
-1,03518
-1,03508
-1,03497
-1,03487
-1,03477
-1,03467
-1,03457
-1,03446
-1,03436
-1,03426
-1,03416
-1,03406
-1,03395
-1,03385
-1,03375
-1,03365
-1,03355
-1,03344
-1,03334
-1,03324
-1,03314
-1,03304
-1,03293
-1,03283
-1,03273
-1,03263
-1,03253
-1,03242
-1,03232
-1,03222
-1,03212
-1,03202
-1,03191
-1,03181
-1,03171
-1,03161
-1,03151
-1,0314
-1,0313
-1,0312
-1,0311
-1,031
-1,0309
-1,03079
-1,03069
-1,03059
-1,03049
-1,03039
-1,03028
-1,03018
-1,03008
-1,02998
-1,02988
-1,02977
-1,02967
-1,02957
-1,02947
-1,02937
-1,02926
-1,02916
-1,02906
-1,02896
-1,02886
-1,02875
-1,02865
-1,02855
-1,02845
-1,02835
-1,02824
-1,02814
-1,02804
-1,02794
-1,02784
-1,02773
-1,02763
-1,02753
-1,02743
-1,02733
-1,02722
-1,02712
-1,02702
-1,02692
-1,02682
-1,02671
-1,02661
-1,02651
-1,02641
-1,02631
-1,0262
-1,0261
-1,026
-1,0259
-1,0258
-1,02569
-1,02559
-1,02549
-1,02539
-1,02529
-1,02518
-1,02508
-1,02498
-1,02488
-1,02478
-1,02468
-1,02457
-1,02447
-1,02437
-1,02427
-1,02417
-1,02406
-1,02396
-1,02386
-1,02376
-1,02366
-1,02355
-1,02345
-1,02335
-1,02325
-1,02315
-1,02304
-1,02294
-1,02284
-1,02274
-1,02264
-1,02253
-1,02243
-1,02233
-1,02223
-1,02213
-1,02202
-1,02192
-1,02182
-1,02172
-1,02162
-1,02151
-1,02141
-1,02131
-1,02121
-1,02111
-1,021
-1,0209
-1,0208
-1,0207
-1,0206
-1,02049
-1,02039
-1,02029
-1,02019
-1,02009
-1,01998
-1,01988
-1,01978
